crossing time (s)	slope (V/s)	crossing number
281474976710655.000000	5.240126	4385	0.000000
281474976710655.000000	5.134844	4386	4692740608.000000
281474976710655.000000	5.019736	4387	4693708288.000000
281474976710655.000000	4.712266	4388	4694824960.000000
281474976710655.000000	5.083865	4389	4695801344.000000
281474976710655.000000	5.512094	4390	4696907776.000000
281474976710655.000000	5.153963	4391	4697898496.000000
281474976710655.000000	4.964079	4392	4698992640.000000
281474976710655.000000	5.188354	4393	4699988992.000000
281474976710655.000000	5.407552	4394	4701086720.000000
281474976710655.000000	5.007213	4395	4702079488.000000
281474976710655.000000	4.812607	4396	4703177728.000000
281474976710655.000000	5.126290	4397	4704161280.000000
281474976710655.000000	5.228073	4398	4705273344.000000
281474976710655.000000	5.125502	4399	4706246144.000000
281474976710655.000000	4.967019	4400	4707366912.000000
281474976710655.000000	5.135926	4401	4708331520.000000
281474976710655.000000	5.239240	4402	4709452288.000000
281474976710655.000000	5.464415	4403	4710430720.000000
281474976710655.000000	5.197692	4404	4711530496.000000
281474976710655.000000	5.022954	4405	4712544256.000000
281474976710655.000000	5.319885	4406	4713596416.000000
281474976710655.000000	4.744853	4407	4714648576.000000
281474976710655.000000	5.010783	4408	4715672064.000000
281474976710655.000000	5.288699	4409	4716749312.000000
281474976710655.000000	4.961202	4410	4717753856.000000
281474976710655.000000	5.243126	4411	4718832640.000000
281474976710655.000000	5.311802	4412	4719865856.000000
281474976710655.000000	5.323276	4413	4720898048.000000
281474976710655.000000	4.783004	4414	4721983488.000000
281474976710655.000000	5.129312	4415	4722967552.000000
281474976710655.000000	4.929090	4416	4724085248.000000
281474976710655.000000	4.963595	4417	4725046272.000000
281474976710655.000000	5.107615	4418	4726171136.000000
281474976710655.000000	5.051239	4419	4727149568.000000
281474976710655.000000	5.167333	4420	4728243200.000000
281474976710655.000000	4.878762	4421	4729259008.000000
281474976710655.000000	5.220394	4422	4730315776.000000
281474976710655.000000	5.222706	4423	4731365376.000000
281474976710655.000000	5.182607	4424	4732393984.000000
281474976710655.000000	4.915834	4425	4733463552.000000
281474976710655.000000	5.033311	4426	4734478848.000000
281474976710655.000000	5.103095	4427	4735552000.000000
281474976710655.000000	4.992198	4428	4736565248.000000
281474976710655.000000	5.338975	4429	4737645056.000000
281474976710655.000000	5.249844	4430	4738654208.000000
281474976710655.000000	5.222534	4431	4739736064.000000
281474976710655.000000	5.279461	4432	4740745728.000000
281474976710655.000000	4.988338	4433	4741826048.000000
281474976710655.000000	5.151064	4434	4742837248.000000
281474976710655.000000	5.129313	4435	4743909888.000000
281474976710655.000000	5.003376	4436	4744928768.000000
281474976710655.000000	5.233449	4437	4745994752.000000
281474976710655.000000	5.026162	4438	4747027968.000000
281474976710655.000000	5.391930	4439	4748075008.000000
281474976710655.000000	5.042639	4440	4749130752.000000
281474976710655.000000	5.125019	4441	4750145536.000000
281474976710655.000000	5.103589	4442	4751237632.000000
281474976710655.000000	5.249272	4443	4752223232.000000
281474976710655.000000	4.985059	4444	4753340416.000000
281474976710655.000000	5.024328	4445	4754306048.000000
281474976710655.000000	4.923547	4446	4755424256.000000
281474976710655.000000	5.020279	4447	4756405760.000000
281474976710655.000000	5.321092	4448	4757498880.000000
281474976710655.000000	5.044626	4449	4758514688.000000
281474976710655.000000	5.241008	4450	4759568384.000000
281474976710655.000000	5.122777	4451	4760622592.000000
281474976710655.000000	5.173063	4452	4761642496.000000
281474976710655.000000	5.144055	4453	4762721792.000000
281474976710655.000000	5.186100	4454	4763733504.000000
281474976710655.000000	5.031370	4455	4764807680.000000
281474976710655.000000	4.806102	4456	4765831680.000000
281474976710655.000000	5.140045	4457	4766883328.000000
281474976710655.000000	4.969004	4458	4767935488.000000
281474976710655.000000	5.171096	4459	4768962560.000000
281474976710655.000000	5.096122	4460	4770036224.000000
281474976710655.000000	5.463454	4461	4771034624.000000
281474976710655.000000	5.009257	4462	4772138496.000000
281474976710655.000000	5.261933	4463	4773118464.000000
281474976710655.000000	5.047414	4464	4774234112.000000
281474976710655.000000	4.979336	4465	4775205376.000000
281474976710655.000000	4.966851	4466	4776325632.000000
281474976710655.000000	5.016278	4467	4777291264.000000
281474976710655.000000	5.000061	4468	4778414592.000000
281474976710655.000000	5.275271	4469	4779381248.000000
281474976710655.000000	5.089331	4470	4780503552.000000
281474976710655.000000	5.234318	4471	4781472768.000000
281474976710655.000000	5.170100	4472	4782594560.000000
281474976710655.000000	5.076952	4473	4783564288.000000
281474976710655.000000	4.998796	4474	4784680448.000000
281474976710655.000000	4.947032	4475	4785656832.000000
281474976710655.000000	5.073090	4476	4786762240.000000
281474976710655.000000	5.144564	4477	4787756032.000000
281474976710655.000000	5.115342	4478	4788840448.000000
281474976710655.000000	5.047511	4479	4789859840.000000
281474976710655.000000	5.181151	4480	4790916608.000000
281474976710655.000000	5.043215	4481	4791962112.000000
281474976710655.000000	5.210767	4482	4792994304.000000
281474976710655.000000	5.006666	4483	4794063872.000000
281474976710655.000000	5.030032	4484	4795075584.000000
281474976710655.000000	5.087157	4485	4796153856.000000
281474976710655.000000	4.961086	4486	4797166592.000000
281474976710655.000000	5.261129	4487	4798237184.000000
281474976710655.000000	5.034868	4488	4799268352.000000
281474976710655.000000	5.145506	4489	4800312832.000000
281474976710655.000000	5.111899	4490	4801378304.000000
281474976710655.000000	5.177882	4491	4802384384.000000
281474976710655.000000	4.910171	4492	4803486208.000000
281474976710655.000000	5.041393	4493	4804459008.000000
281474976710655.000000	4.885594	4494	4805579776.000000
281474976710655.000000	5.144746	4495	4806543360.000000
281474976710655.000000	5.087502	4496	4807668224.000000
281474976710655.000000	5.227659	4497	4808640512.000000
281474976710655.000000	5.171064	4498	4809749504.000000
281474976710655.000000	5.185404	4499	4810741760.000000
281474976710655.000000	5.137122	4500	4811827712.000000
281474976710655.000000	5.197854	4501	4812842496.000000
281474976710655.000000	5.097295	4502	4813908992.000000
281474976710655.000000	5.123082	4503	4814940160.000000
281474976710655.000000	5.059200	4504	4815992320.000000
281474976710655.000000	5.298702	4505	4817034752.000000
281474976710655.000000	5.054550	4506	4818079232.000000
281474976710655.000000	5.115521	4507	4819125248.000000
281474976710655.000000	5.122315	4508	4820168704.000000
281474976710655.000000	5.134686	4509	4821212672.000000
281474976710655.000000	5.048264	4510	4822263808.000000
281474976710655.000000	5.185003	4511	4823296000.000000
281474976710655.000000	5.009937	4512	4824358912.000000
281474976710655.000000	5.217188	4513	4825378304.000000
281474976710655.000000	5.008008	4514	4826458112.000000
281474976710655.000000	5.165106	4515	4827455488.000000
281474976710655.000000	5.048249	4516	4828559360.000000
281474976710655.000000	5.346719	4517	4829537280.000000
281474976710655.000000	5.099481	4518	4830656512.000000
281474976710655.000000	5.022331	4519	4831623680.000000
281474976710655.000000	4.959000	4520	4832746496.000000
281474976710655.000000	4.969487	4521	4833716224.000000
281474976710655.000000	5.054496	4522	4834825216.000000
281474976710655.000000	5.015621	4523	4835818496.000000
281474976710655.000000	5.261445	4524	4836901888.000000
281474976710655.000000	5.021209	4525	4837923840.000000
281474976710655.000000	5.053287	4526	4838975488.000000
281474976710655.000000	5.072839	4527	4840027136.000000
281474976710655.000000	5.284242	4528	4841053696.000000
281474976710655.000000	5.017608	4529	4842125312.000000
281474976710655.000000	5.110939	4530	4843140608.000000
281474976710655.000000	5.044398	4531	4844215808.000000
281474976710655.000000	4.987407	4532	4845230080.000000
281474976710655.000000	5.263099	4533	4846301184.000000
281474976710655.000000	5.004260	4534	4847324672.000000
281474976710655.000000	5.280211	4535	4848385024.000000
281474976710655.000000	5.080380	4536	4849421824.000000
281474976710655.000000	5.151695	4537	4850467328.000000
281474976710655.000000	5.067550	4538	4851520000.000000
281474976710655.000000	5.182084	4539	4852548096.000000
281474976710655.000000	5.003540	4540	4853617152.000000
281474976710655.000000	5.154479	4541	4854632448.000000
281474976710655.000000	4.998641	4542	4855710720.000000
281474976710655.000000	5.143022	4543	4856716288.000000
281474976710655.000000	5.022935	4544	4857804288.000000
281474976710655.000000	5.156547	4545	4858804224.000000
281474976710655.000000	5.023199	4546	4859894272.000000
281474976710655.000000	5.167116	4547	4860894720.000000
281474976710655.000000	5.012009	4548	4861982208.000000
281474976710655.000000	5.078877	4549	4862987776.000000
281474976710655.000000	5.056398	4550	4864068608.000000
281474976710655.000000	5.077200	4551	4865081856.000000
281474976710655.000000	5.028703	4552	4866153472.000000
281474976710655.000000	5.085816	4553	4867177472.000000
281474976710655.000000	5.025873	4554	4868234240.000000
281474976710655.000000	5.026853	4555	4869275136.000000
281474976710655.000000	5.139461	4556	4870317056.000000
281474976710655.000000	5.038969	4557	4871372800.000000
281474976710655.000000	5.131855	4558	4872399872.000000
281474976710655.000000	5.052837	4559	4873467904.000000
281474976710655.000000	5.069181	4560	4874484224.000000
281474976710655.000000	5.155776	4561	4875560448.000000
281474976710655.000000	5.128278	4562	4876571136.000000
281474976710655.000000	5.209978	4563	4877647872.000000
281474976710655.000000	5.181572	4564	4878667776.000000
281474976710655.000000	5.120214	4565	4879729664.000000
281474976710655.000000	5.068985	4566	4880767488.000000
281474976710655.000000	5.130562	4567	4881807872.000000
281474976710655.000000	5.037426	4568	4882871808.000000
281474976710655.000000	5.116625	4569	4883884544.000000
281474976710655.000000	5.001716	4570	4884975104.000000
281474976710655.000000	5.067563	4571	4885960704.000000
281474976710655.000000	5.031900	4572	4887074816.000000
281474976710655.000000	5.156545	4573	4888042496.000000
281474976710655.000000	5.104320	4574	4889168384.000000
281474976710655.000000	5.069932	4575	4890132480.000000
281474976710655.000000	5.088337	4576	4891256832.000000
281474976710655.000000	5.071488	4577	4892224512.000000
281474976710655.000000	5.053759	4578	4893340160.000000
281474976710655.000000	5.044659	4579	4894320640.000000
281474976710655.000000	5.049368	4580	4895422976.000000
281474976710655.000000	5.064210	4581	4896418304.000000
281474976710655.000000	5.078372	4582	4897507840.000000
281474976710655.000000	5.145257	4583	4898511360.000000
281474976710655.000000	5.087910	4584	4899593728.000000
281474976710655.000000	5.139496	4585	4900602368.000000
281474976710655.000000	5.065911	4586	4901681664.000000
281474976710655.000000	5.055658	4587	4902690816.000000
281474976710655.000000	4.993859	4588	4903774208.000000
281474976710655.000000	5.179584	4589	4904777216.000000
281474976710655.000000	5.018282	4590	4905869312.000000
281474976710655.000000	5.172771	4591	4906861056.000000
281474976710655.000000	5.023509	4592	4907964928.000000
281474976710655.000000	5.172189	4593	4908944384.000000
281474976710655.000000	5.011438	4594	4910061568.000000
281474976710655.000000	4.943286	4595	4911029760.000000
281474976710655.000000	4.861843	4596	4912154112.000000
281474976710655.000000	4.889027	4597	4913118208.000000
281474976710655.000000	5.035005	4598	4914241536.000000
281474976710655.000000	5.004210	4599	4915211264.000000
281474976710655.000000	5.093393	4600	4916324352.000000
281474976710655.000000	5.006335	4601	4917310976.000000
281474976710655.000000	5.164081	4602	4918403584.000000
281474976710655.000000	5.041767	4603	4919412224.000000
281474976710655.000000	5.143631	4604	4920480768.000000
281474976710655.000000	4.995872	4605	4921513472.000000
281474976710655.000000	5.127902	4606	4922558464.000000
281474976710655.000000	5.048928	4607	4923613696.000000
281474976710655.000000	5.076042	4608	4924639744.000000
281474976710655.000000	5.054004	4609	4925709824.000000
281474976710655.000000	5.127526	4610	4926725632.000000
281474976710655.000000	5.097933	4611	4927801344.000000
281474976710655.000000	5.108338	4612	4928815616.000000
281474976710655.000000	5.106243	4613	4929890816.000000
281474976710655.000000	5.056678	4614	4930905600.000000
281474976710655.000000	5.183531	4615	4931977216.000000
281474976710655.000000	5.026978	4616	4932998144.000000
281474976710655.000000	5.169610	4617	4934065664.000000
281474976710655.000000	5.031661	4618	4935089664.000000
281474976710655.000000	5.171748	4619	4936152064.000000
281474976710655.000000	5.029750	4620	4937183744.000000
281474976710655.000000	5.091757	4621	4938238976.000000
281474976710655.000000	5.065827	4622	4939275264.000000
281474976710655.000000	5.125471	4623	4940326912.000000
281474976710655.000000	5.035314	4624	4941365248.000000
281474976710655.000000	5.149233	4625	4942415872.000000
281474976710655.000000	5.059526	4626	4943454720.000000
281474976710655.000000	5.116775	4627	4944506880.000000
281474976710655.000000	5.071090	4628	4945543168.000000
281474976710655.000000	5.084493	4629	4946597888.000000
281474976710655.000000	5.097178	4630	4947631104.000000
281474976710655.000000	5.175546	4631	4948690944.000000
281474976710655.000000	5.145834	4632	4949718016.000000
281474976710655.000000	5.184996	4633	4950781952.000000
281474976710655.000000	5.110479	4634	4951803904.000000
281474976710655.000000	5.093902	4635	4952875008.000000
281474976710655.000000	5.047421	4636	4953890816.000000
281474976710655.000000	5.077567	4637	4954967552.000000
281474976710655.000000	5.074818	4638	4955979776.000000
281474976710655.000000	5.074879	4639	4957056512.000000
281474976710655.000000	5.106762	4640	4958069760.000000
281474976710655.000000	5.114551	4641	4959142912.000000
281474976710655.000000	5.068390	4642	4960163328.000000
281474976710655.000000	5.065959	4643	4961228800.000000
281474976710655.000000	5.039176	4644	4962259456.000000
281474976710655.000000	5.092095	4645	4963309568.000000
281474976710655.000000	5.019435	4646	4964358144.000000
281474976710655.000000	5.068269	4647	4965389312.000000
281474976710655.000000	5.048826	4648	4966459392.000000
281474976710655.000000	5.081788	4649	4967468544.000000
281474976710655.000000	5.012062	4650	4968560128.000000
281474976710655.000000	5.087509	4651	4969547264.000000
281474976710655.000000	5.008057	4652	4970658304.000000
281474976710655.000000	5.087098	4653	4971630592.000000
281474976710655.000000	5.056028	4654	4972751360.000000
281474976710655.000000	5.114820	4655	4973717504.000000
281474976710655.000000	5.046696	4656	4974841856.000000
281474976710655.000000	5.066065	4657	4975808512.000000
281474976710655.000000	5.045963	4658	4976928256.000000
281474976710655.000000	5.043035	4659	4977901568.000000
281474976710655.000000	5.009877	4660	4979014144.000000
281474976710655.000000	5.069405	4661	4979996160.000000
281474976710655.000000	5.018788	4662	4981100032.000000
281474976710655.000000	5.098469	4663	4982088192.000000
281474976710655.000000	5.008767	4664	4983186432.000000
281474976710655.000000	5.152450	4665	4984179712.000000
281474976710655.000000	5.014354	4666	4985276928.000000
281474976710655.000000	5.123650	4667	4986268672.000000
281474976710655.000000	5.035828	4668	4987367424.000000
281474976710655.000000	5.091435	4669	4988356608.000000
281474976710655.000000	4.970633	4670	4989460480.000000
281474976710655.000000	5.132555	4671	4990442496.000000
281474976710655.000000	4.984894	4672	4991554560.000000
281474976710655.000000	5.149507	4673	4992528384.000000
281474976710655.000000	5.005477	4674	4993647104.000000
281474976710655.000000	5.060549	4675	4994614784.000000
281474976710655.000000	4.997737	4676	4995737600.000000
281474976710655.000000	5.017316	4677	4996704256.000000
281474976710655.000000	4.983708	4678	4997826048.000000
281474976710655.000000	5.029275	4679	4998797312.000000
281474976710655.000000	5.077314	4680	4999910912.000000
281474976710655.000000	4.973422	4681	5000893440.000000
281474976710655.000000	5.112490	4682	5001992192.000000
281474976710655.000000	4.984055	4683	5002993152.000000
281474976710655.000000	5.149327	4684	5004072448.000000
281474976710655.000000	5.010612	4685	5005093376.000000
281474976710655.000000	5.134449	4686	5006152192.000000
281474976710655.000000	5.027507	4687	5007191040.000000
281474976710655.000000	5.081090	4688	5008233472.000000
281474976710655.000000	4.996733	4689	5009288192.000000
281474976710655.000000	5.117671	4690	5010317312.000000
281474976710655.000000	5.026832	4691	5011381760.000000
281474976710655.000000	5.093128	4692	5012403200.000000
281474976710655.000000	5.037869	4693	5013475328.000000
281474976710655.000000	5.087154	4694	5014491136.000000
281474976710655.000000	5.039475	4695	5015565824.000000
281474976710655.000000	5.054985	4696	5016579072.000000
281474976710655.000000	5.069184	4697	5017655808.000000
281474976710655.000000	5.053977	4698	5018668032.000000
281474976710655.000000	5.076453	4699	5019744768.000000
281474976710655.000000	5.054898	4700	5020759552.000000
281474976710655.000000	5.087252	4701	5021834752.000000
281474976710655.000000	5.054051	4702	5022850560.000000
281474976710655.000000	5.073726	4703	5023924224.000000
281474976710655.000000	5.069177	4704	5024937984.000000
281474976710655.000000	5.101842	4705	5026013184.000000
281474976710655.000000	5.048283	4706	5027028992.000000
281474976710655.000000	5.102120	4707	5028103680.000000
281474976710655.000000	5.026193	4708	5029118464.000000
281474976710655.000000	5.087109	4709	5030194688.000000
281474976710655.000000	5.077631	4710	5031205888.000000
281474976710655.000000	5.083360	4711	5032283648.000000
281474976710655.000000	5.050818	4712	5033295360.000000
281474976710655.000000	5.048082	4713	5034372608.000000
281474976710655.000000	4.959911	4714	5035385856.000000
281474976710655.000000	5.110109	4715	5036465152.000000
281474976710655.000000	5.017217	4716	5037477376.000000
281474976710655.000000	5.100010	4717	5038550528.000000
281474976710655.000000	5.121190	4718	5039568896.000000
281474976710655.000000	5.060001	4719	5040638464.000000
281474976710655.000000	5.025502	4720	5041663488.000000
281474976710655.000000	5.087904	4721	5042721280.000000
281474976710655.000000	5.064686	4722	5043758080.000000
281474976710655.000000	5.050226	4723	5044804096.000000
281474976710655.000000	4.999218	4724	5045857280.000000
281474976710655.000000	5.044110	4725	5046882816.000000
281474976710655.000000	4.994343	4726	5047957504.000000
281474976710655.000000	5.071043	4727	5048963072.000000
281474976710655.000000	5.035389	4728	5050055168.000000
281474976710655.000000	5.086911	4729	5051044864.000000
281474976710655.000000	5.027224	4730	5052152832.000000
281474976710655.000000	5.050767	4731	5053128192.000000
281474976710655.000000	5.022370	4732	5054246912.000000
281474976710655.000000	5.063572	4733	5055214592.000000
281474976710655.000000	5.022504	4734	5056339456.000000
281474976710655.000000	5.086140	4735	5057306624.000000
281474976710655.000000	4.937776	4736	5058427392.000000
281474976710655.000000	4.986987	4737	5059394048.000000
281474976710655.000000	4.978663	4738	5060514304.000000
281474976710655.000000	5.018465	4739	5061487616.000000
281474976710655.000000	5.057467	4740	5062600192.000000
281474976710655.000000	5.158248	4741	5063579648.000000
281474976710655.000000	5.080094	4742	5064689152.000000
281474976710655.000000	4.967170	4743	5065669120.000000
281474976710655.000000	5.029317	4744	5066777088.000000
281474976710655.000000	5.146707	4745	5067761152.000000
281474976710655.000000	4.921919	4746	5068868096.000000
281474976710655.000000	5.039605	4747	5069848576.000000
281474976710655.000000	4.999513	4748	5070960640.000000
281474976710655.000000	5.026715	4749	5071937024.000000
281474976710655.000000	5.017536	4750	5073051136.000000
281474976710655.000000	5.058477	4751	5074022400.000000
281474976710655.000000	4.998031	4752	5075144192.000000
281474976710655.000000	5.049271	4753	5076111360.000000
