time (s)	energy (uJ)	charge (mC)	voltage (mV)	crossing#mod 255
2505.335164	69.433540	0.008589	8.084475	200
2506.381931	77.632156	0.008594	9.033700	201
2507.428705	72.578300	0.008578	8.460876	202
2508.472761	75.217133	0.008567	8.779846	203
2509.521768	72.236656	0.008600	8.399692	204
2510.565333	108.422722	0.008576	12.642524	205
2511.617214	70.622025	0.008586	8.225342	206
2512.652458	78.299240	0.008596	9.109324	207
2513.713821	72.477303	0.008592	8.435924	208
2514.742020	79.835350	0.008553	9.334588	209
2515.805734	73.235390	0.008572	8.544008	210
2516.834332	83.203926	0.008588	9.688396	211
2517.899234	73.319824	0.008582	8.543276	212
2518.925569	81.749519	0.008571	9.538206	213
2519.991142	73.573158	0.008577	8.577577	214
2521.017493	84.082710	0.008593	9.784776	215
2522.083150	72.022362	0.008574	8.400049	216
2523.109308	79.709595	0.008573	9.297446	217
2524.175303	75.771980	0.008569	8.843076	218
2525.201433	83.256172	0.008588	9.694319	219
2526.266994	73.968796	0.008552	8.648859	220
2527.293065	82.305649	0.008570	9.603640	221
2528.359513	75.974396	0.008588	8.846167	222
2529.385675	82.507622	0.008582	9.613497	223
2530.451033	76.305534	0.008586	8.887428	224
2531.479480	81.327057	0.008570	9.489701	225
2532.542305	75.341614	0.008578	8.783119	226
2533.570676	80.153297	0.008561	9.363118	227
2534.634357	74.016220	0.008569	8.637908	228
2535.662057	82.527702	0.008593	9.603926	229
2536.726219	73.857941	0.008580	8.608111	230
2537.754998	81.391838	0.008586	9.479418	231
2538.814715	76.157166	0.008583	8.872950	232
2539.850444	80.143494	0.008568	9.353403	233
2540.904370	74.652168	0.008583	8.697822	234
2541.944493	79.307487	0.008565	9.259646	235
2542.994079	75.659203	0.008555	8.843405	236
2544.036291	76.198517	0.008579	8.882344	237
2545.086576	75.668350	0.008602	8.796753	238
2546.126443	77.719292	0.008586	9.051764	239
2547.179918	74.774979	0.008579	8.716513	240
2548.218491	75.336555	0.008569	8.792140	241
2549.271011	75.447701	0.008564	8.810287	242
2550.307988	90.135559	0.008553	10.538013	243
2551.365830	73.522934	0.008572	8.577306	244
2552.396751	76.013161	0.008559	8.881207	245
2553.458917	72.958977	0.008579	8.503962	246
2554.488987	74.983238	0.008583	8.736034	247
2555.549517	73.635483	0.008588	8.574328	248
2556.580205	75.413139	0.008568	8.801697	249
2557.640678	72.770943	0.008597	8.464347	250
2558.670647	75.009293	0.008618	8.703840	251
2559.734203	70.611000	0.008570	8.238855	252
2560.762282	81.463577	0.008601	9.471750	253
2561.826059	69.532089	0.008572	8.111359	254
2562.852686	72.890892	0.008617	8.458715	255
2563.916285	70.696899	0.008574	8.245144	0
2564.946114	72.399933	0.008595	8.423260	1
2566.007285	68.748894	0.008569	8.022539	2
2567.035877	71.418922	0.008568	8.335451	3
2568.097847	70.943199	0.008585	8.263346	4
2569.129070	68.888069	0.008585	8.024531	5
2570.191487	67.505470	0.008572	7.874663	6
2571.217657	71.632492	0.008575	8.353680	7
2572.280797	69.272667	0.008569	8.084430	8
2573.312324	67.324135	0.008546	7.878008	9
2574.370259	72.212387	0.008599	8.397510	10
2575.403721	66.450409	0.008564	7.759048	11
2576.462131	62.473560	0.008575	7.285601	12
2577.494995	68.365829	0.008583	7.965703	13
2578.551986	68.148979	0.008574	7.948472	14
2579.592701	62.349621	0.008578	7.268954	15
2580.639789	67.615410	0.008569	7.890907	16
2581.681666	64.890915	0.008566	7.575363	17
2582.728514	69.346817	0.008568	8.093292	18
2583.774037	62.972897	0.008599	7.323171	19
2584.820019	67.602768	0.008571	7.887342	20
2585.866162	62.281246	0.008586	7.253862	21
2586.911143	64.500854	0.008580	7.517982	22
2587.954682	63.460876	0.008558	7.415586	23
2589.000948	65.237274	0.008572	7.610459	24
2590.048701	61.823200	0.008570	7.213634	25
2591.094905	62.045185	0.008563	7.245784	26
2592.139797	58.847534	0.008570	6.866548	27
2593.187747	61.846531	0.008573	7.213812	28
2594.226453	61.588757	0.008553	7.200724	29
2595.278769	58.997658	0.008574	6.880949	30
2596.317885	61.314068	0.008568	7.155855	31
2597.372522	59.254974	0.008563	6.920052	32
2598.409898	61.962978	0.008567	7.232987	33
2599.460598	60.841160	0.008572	7.097316	34
2600.497015	58.437988	0.008546	6.837852	35
2601.554826	58.818485	0.008582	6.853535	36
2602.587428	60.644623	0.008574	7.073059	37
2603.645727	60.902821	0.008583	7.096013	38
2604.680147	57.439091	0.008569	6.702844	39
2605.736716	60.278492	0.008596	7.012547	40
2606.771078	59.610046	0.008576	6.950706	41
2607.826216	58.075397	0.008552	6.790891	42
2608.860334	53.636723	0.008573	6.256339	43
2609.914963	59.763783	0.008565	6.977962	44
2610.952881	57.760899	0.008568	6.741436	45
2612.008574	56.384007	0.008570	6.578877	46
2613.045184	53.757496	0.008582	6.263750	47
2614.095947	59.305298	0.008591	6.903400	48
2615.135663	56.780178	0.008578	6.618943	49
2616.185835	57.574940	0.008591	6.701986	50
2617.227828	55.285027	0.008591	6.435217	51
2618.275628	57.099827	0.008573	6.660133	52
2619.321230	51.506321	0.008571	6.009532	53
2620.365756	59.592857	0.008548	6.971922	54
2621.411234	51.173157	0.008581	5.963636	55
2622.460664	52.803913	0.008580	6.154629	56
2623.502755	51.307842	0.008587	5.975346	57
2624.547946	56.763344	0.008586	6.611475	58
2625.591585	52.207958	0.008572	6.090836	59
2626.641195	55.127098	0.008576	6.428167	60
2627.680505	51.952065	0.008570	6.062191	61
2628.731786	56.211712	0.008548	6.575984	62
2629.770759	50.091572	0.008576	5.841217	63
2630.824402	54.804184	0.008582	6.385926	64
2631.862707	50.451729	0.008566	5.889946	65
2632.915502	55.946335	0.008586	6.516287	66
2633.950002	52.246540	0.008577	6.091672	67
2635.007322	53.023689	0.008567	6.189184	68
2636.041071	50.138866	0.008566	5.853197	69
2637.098440	52.782162	0.008553	6.171179	70
2638.130777	50.117027	0.008591	5.833971	71
2639.189187	52.942001	0.008590	6.163479	72
2640.222628	49.058727	0.008570	5.724296	73
2641.280159	53.086800	0.008594	6.177481	74
2642.313514	50.493061	0.008583	5.882654	75
2643.370440	48.796368	0.008573	5.691816	76
2644.404091	47.608921	0.008559	5.562347	77
2645.461218	52.503315	0.008596	6.108028	78
2646.494922	47.398235	0.008575	5.527207	79
2647.551530	51.015274	0.008573	5.950627	80
2648.585785	46.723972	0.008584	5.443416	81
2649.643109	49.298664	0.008551	5.765336	82
2650.676721	47.886986	0.008553	5.598689	83
2651.730519	51.829247	0.008601	6.026242	84
2652.769937	57.192272	0.008562	6.679499	85
2653.820289	51.156826	0.008581	5.961746	86
2654.861732	44.885147	0.008592	5.224195	87
2655.911714	51.984718	0.008560	6.073030	88
2656.954248	41.326229	0.008579	4.816877	89
2657.999495	50.611198	0.008583	5.896752	90
2659.044905	44.984089	0.008568	5.250539	91
2660.091338	48.972847	0.008562	5.719947	92
2661.134897	44.998638	0.008588	5.239415	93
2662.180780	49.615944	0.008574	5.786757	94
2663.225752	44.106022	0.008596	5.131046	95
2664.273349	44.950802	0.008584	5.236774	96
2665.317340	42.160984	0.008570	4.919887	97
2666.363619	46.761154	0.008573	5.454257	98
2667.407264	42.240402	0.008575	4.925965	99
2668.454179	47.781254	0.008572	5.573789	100
2669.497450	43.163868	0.008572	5.035386	101
2670.545941	47.241817	0.008573	5.510430	102
2671.586029	43.343979	0.008547	5.071460	103
2672.635620	47.728062	0.008587	5.558437	104
2673.675947	44.606071	0.008591	5.191933	105
2674.728125	46.095573	0.008591	5.365265	106
2675.767427	42.569763	0.008557	4.975121	107
2676.818640	47.137688	0.008590	5.487552	108
2677.857078	36.237362	0.008579	4.223737	109
2678.910601	45.466431	0.008583	5.297025	110
2679.947736	42.205311	0.008597	4.909052	111
2680.999067	46.109493	0.008557	5.388301	112
2682.039192	42.832985	0.008547	5.011245	113
2683.090007	45.000698	0.008574	5.248791	114
2684.129775	42.502579	0.008565	4.962125	115
2685.181692	44.744816	0.008582	5.214057	116
2686.220584	41.435574	0.008575	4.832043	117
2687.270907	46.188164	0.008571	5.388788	118
2688.311422	40.723389	0.008589	4.741557	119
2689.361064	45.175140	0.008565	5.274252	120
2690.403165	40.766666	0.008572	4.755542	121
2691.452718	42.426136	0.008571	4.950168	122
2692.493558	40.156200	0.008567	4.687421	123
2693.541094	44.165340	0.008572	5.152326	124
2694.585334	38.816708	0.008574	4.527035	125
2695.631586	43.915302	0.008592	5.111299	126
2696.674507	40.187424	0.008597	4.674412	127
2697.722949	44.460434	0.008574	5.185643	128
2698.767535	40.781704	0.008577	4.754932	129
2699.812726	43.481384	0.008593	5.060367	130
2700.856275	38.265984	0.008570	4.464975	131
2701.904012	44.952896	0.008561	5.250803	132
2702.946666	37.228050	0.008567	4.345412	133
2703.994790	43.283001	0.008564	5.053828	134
2705.035182	39.526310	0.008588	4.602662	135
2706.088487	42.090881	0.008584	4.903379	136
2707.125586	37.673389	0.008604	4.378728	137
2708.179145	42.353558	0.008563	4.946185	138
2709.221632	31.146301	0.008550	3.642878	139
2710.270522	90.281113	0.008544	10.566679	140
2711.305472	38.893456	0.008564	4.541516	141
2712.364540	40.751888	0.008553	4.764428	142
2713.396602	36.343990	0.008576	4.237676	143
2714.452174	43.355675	0.008595	5.044358	144
2715.487996	35.688892	0.008575	4.161765	145
2716.543832	40.531528	0.008546	4.742891	146
2717.578491	36.934975	0.008590	4.299874	147
2718.631993	41.784325	0.008563	4.879744	148
2719.667768	36.568687	0.008587	4.258428	149
2720.723022	42.126720	0.008547	4.928845	150
2721.759462	35.745327	0.008575	4.168621	151
2722.813082	102.103172	0.008580	11.899626	152
2723.850550	36.633778	0.008583	4.268179	153
2724.906913	37.866215	0.008559	4.424006	154
2725.942190	36.519085	0.008565	4.263873	155
2726.991117	42.212681	0.008570	4.925807	156
2728.032758	36.050812	0.008572	4.205794	157
2729.082119	41.148132	0.008582	4.794906	158
2730.125161	34.635872	0.008567	4.042721	159
2731.172935	39.432632	0.008561	4.606343	160
2732.215999	33.022530	0.008579	3.849223	161
2733.263432	35.284683	0.008574	4.115530	162
2734.306606	35.187702	0.008567	4.107552	163
2735.352032	39.251434	0.008571	4.579483	164
2736.396589	35.306122	0.008564	4.122791	165
2737.442385	39.255169	0.008594	4.567686	166
2738.487855	33.607094	0.008568	3.922301	167
2739.534090	38.331120	0.008572	4.471702	168
2740.577889	33.887959	0.008569	3.954594	169
2741.624458	39.004887	0.008586	4.542807	170
2742.667910	28.990791	0.008569	3.383299	171
2743.717671	38.412338	0.008570	4.482354	172
2744.757150	32.699135	0.008555	3.822306	173
2745.806775	39.069038	0.008576	4.555588	174
2746.847061	34.374702	0.008582	4.005550	175
2747.902350	34.712955	0.008566	4.052637	176
2748.939275	33.189201	0.008545	3.883884	177
2749.989468	37.459209	0.008564	4.374150	178
2751.028060	35.334530	0.008597	4.110247	179
2752.078743	39.381428	0.008580	4.590106	180
2753.119216	34.756729	0.008573	4.054328	181
2754.169714	38.612362	0.008584	4.498089	182
2755.210908	32.964989	0.008594	3.835827	183
2756.262045	32.494831	0.008564	3.794553	184
2757.304202	30.538391	0.008564	3.566065	185
2758.350844	34.851704	0.008571	4.066012	186
2759.393144	32.227135	0.008546	3.770805	187
2760.439436	37.758720	0.008582	4.399808	188
2761.481711	34.543575	0.008570	4.030906	189
2762.529350	38.041389	0.008571	4.438149	190
2763.573057	35.232830	0.008562	4.114808	191
2764.619245	38.278950	0.008569	4.466992	192
2765.662663	34.121750	0.008586	3.973944	193
2766.710482	38.402664	0.008564	4.484327	194
2767.755614	32.364937	0.008568	3.777442	195
2768.800228	38.740402	0.008568	4.521594	196
2769.846395	32.500141	0.008574	3.790442	197
2770.890393	38.639626	0.008570	4.508853	198
2771.935081	32.419659	0.008565	3.785352	199
2772.982812	37.010963	0.008575	4.316193	200
2774.026471	30.907019	0.008579	3.602576	201
2775.074596	38.309380	0.008582	4.463803	202
2776.116892	27.052849	0.008566	3.158243	203
2777.165654	87.654808	0.008563	10.236812	204
2778.204832	31.616570	0.008571	3.688814	205
2779.260610	35.079117	0.008545	4.105409	206
2780.299169	27.552473	0.008576	3.212852	207
2781.347736	37.176414	0.008570	4.337998	208
2782.384396	31.273840	0.008592	3.640050	209
2783.439642	35.619366	0.008592	4.145722	210
2784.475713	32.232994	0.008585	3.754423	211
2785.530254	36.060406	0.008571	4.207436	212
2786.566211	30.780529	0.008590	3.583101	213
2787.619209	33.910091	0.008578	3.953305	214
2788.656901	30.132195	0.008534	3.530917	215
2789.710856	36.212788	0.008566	4.227541	216
2790.747406	30.268810	0.008590	3.523897	217
2791.800314	36.188812	0.008590	4.213034	218
2792.838049	30.465315	0.008570	3.555056	219
2793.890223	36.853512	0.008577	4.296872	220
2794.929781	30.281618	0.008581	3.528843	221
2795.980701	36.586525	0.008578	4.265386	222
2797.019301	30.184820	0.008551	3.530057	223
2798.071200	34.404202	0.008592	4.004104	224
2799.111459	30.990669	0.008565	3.618179	225
2800.161906	34.406967	0.008567	4.016356	226
2801.202489	29.057611	0.008571	3.390406	227
2802.250346	34.796513	0.008556	4.067029	228
2803.293237	29.533150	0.008572	3.445300	229
2804.339542	35.492634	0.008568	4.142475	230
2805.384165	29.152664	0.008566	3.403267	231
2806.428511	35.686157	0.008586	4.156531	232
2807.474734	28.106297	0.008595	3.270103	233
2808.520211	31.748896	0.008561	3.708648	234
2809.566270	29.030359	0.008566	3.388859	235
2810.610375	34.153076	0.008570	3.985161	236
2811.656198	29.645805	0.008565	3.461273	237
2812.702196	33.282394	0.008561	3.887509	238
2813.744706	29.737467	0.008586	3.463446	239
2814.792285	34.106758	0.008544	3.991922	240
2815.842961	24.106339	0.008540	2.822733	241
2816.884073	32.641239	0.008583	3.802948	242
2817.926499	29.590748	0.008568	3.453530	243
2818.974245	33.840778	0.008566	3.950703	244
2820.016492	27.369713	0.008566	3.195136	245
2821.064436	33.830437	0.008566	3.949192	246
2822.105981	30.469053	0.008560	3.559468	247
2823.153833	34.474415	0.008597	4.010021	248
2824.197612	28.887150	0.008571	3.370510	249
2825.245766	31.462074	0.008579	3.667206	250
2826.287994	28.637892	0.008589	3.334118	251
2827.335392	33.192459	0.008563	3.876415	252
2828.379363	67.742500	0.008547	7.925591	253
2829.425612	33.691200	0.008562	3.934819	254
3002.046776	10.298107	0.001966	5.239222	161
3003.132818	10.613424	0.001967	5.396381	162
3004.148857	10.987166	0.001962	5.601023	163
3005.213763	9.864820	0.001968	5.013383	164
3006.228727	15.610566	0.001963	7.953334	165
3007.309177	10.456685	0.001955	5.348645	166
3008.319160	11.182145	0.001958	5.709809	167
3009.401182	10.320598	0.001960	5.265526	168
3010.427222	11.390964	0.001954	5.829493	169
3011.469551	10.447188	0.001953	5.349487	170
3012.506676	10.415702	0.001961	5.312175	171
3013.568752	10.816393	0.001977	5.470248	172
3014.598738	11.305462	0.001994	5.669914	173
3015.662764	10.794398	0.001951	5.531945	174
3016.698771	10.542187	0.001959	5.382596	175
3017.748813	10.740792	0.001964	5.469101	176
3018.766846	10.910651	0.001976	5.520541	177
3019.850952	10.422028	0.001974	5.280507	178
3020.862979	11.213546	0.001964	5.710028	179
3021.938992	10.513494	0.001977	5.318944	180
3022.946988	11.736519	0.001986	5.908551	181
