num crossings	time (s)	maj axis (mm)	min axis (mm)	theta (rad )	slope (V/s)
4853	5514.504619	55.871667	-15.505288	2.828180	13.077586
4855	5516.602932	53.953385	-15.357103	2.688157	12.397853
4857	5518.692573	57.402428	-16.901896	2.804304	15.068799
4859	5520.782482	44.305157	14.053343	2.751976	13.569043
4861	5522.876330	56.027660	-15.470895	2.823589	12.868034
4863	5524.958921	58.585504	-16.201705	2.777480	15.034647
4865	5527.052990	63.000861	-14.567353	2.725337	14.070814
4867	5529.139199	57.808263	-15.797300	2.819230	14.546687
4869	5531.234735	59.460484	-15.886315	2.775971	13.833282
4871	5533.322262	60.143731	-13.460333	2.759639	15.661432
4873	5535.417435	58.489108	-15.456596	2.817949	15.961884
4875	5537.511888	45.668157	13.563940	2.747042	14.423292
4877	5539.601605	59.119107	-14.043732	2.836810	16.546521
4879	5541.694131	56.678280	-14.304482	2.690315	13.932223
4881	5543.781058	86.317308	-18.556444	2.793622	16.022751
4883	5545.867818	56.151527	-13.419960	2.686304	16.311827
4885	5547.959742	66.319225	-12.058958	2.749525	13.809026
4887	5550.050816	45.937927	13.465112	2.746944	16.019860
4889	5552.146262	61.411219	-15.173054	2.774454	16.531128
4891	5554.238996	59.213521	-14.566939	2.814487	14.851433
4893	5556.324131	45.977847	12.623990	2.742351	16.882506
4895	5558.413274	59.863598	-13.560258	2.841693	15.583074
4897	5560.503669	46.967368	13.119323	2.736867	15.442072
4899	5562.593715	46.986521	12.852425	2.738912	16.630687
4901	5564.687914	62.464272	-14.718892	2.775572	14.957910
4903	5566.778342	60.818191	-14.155983	2.812189	16.554981
4905	5568.871368	63.359937	-14.373795	2.776196	16.041191
4907	5570.960830	66.865492	-6.941320	2.725060	17.652768
4909	5573.051205	62.002257	-12.928850	2.826026	17.625101
4911	5575.141595	60.822938	-12.782080	2.678420	16.757791
4913	5577.231260	66.703180	-12.309724	2.729798	16.982883
4915	5579.319437	63.559806	-13.692748	2.806246	17.120965
4917	5581.409853	64.216228	-14.094652	2.769368	17.694767
4919	5583.502806	69.128402	-7.465557	2.731222	16.785611
4921	5585.596529	64.098752	-12.778298	2.820802	16.942083
4923	5587.688126	58.595648	-12.765612	2.613555	18.830339
4925	5589.779749	66.598507	-7.875538	2.737321	17.528802
4927	5591.869604	65.435984	-13.495200	2.765674	17.765038
4929	5593.956308	66.439821	-11.132902	2.739088	18.386081
4931	5596.045173	67.684988	-11.276169	2.716451	17.827190
4933	5598.136813	63.877379	-12.969683	2.802627	17.790427
4935	5600.229476	47.948759	11.682923	2.727365	18.449558
4937	5602.322425	62.730980	-11.555969	2.645573	18.225293
4939	5604.413600	104.647219	-10.327498	2.740151	19.019685
4941	5606.505311	48.474321	11.781393	2.727747	18.779647
4943	5608.596159	63.171123	-11.471947	2.671576	18.700194
4945	5610.686692	72.242167	-10.285652	2.757448	18.650486
4947	5612.777020	66.279747	-11.933414	2.809865	19.399157
4949	5614.867655	48.438362	11.724246	2.731987	18.933889
4951	5616.957730	66.968709	-12.863997	2.757380	19.858751
4953	5619.048057	68.800530	-11.143734	2.710627	19.275187
4955	5621.136270	70.215947	-10.230449	2.714957	19.608462
4957	5623.225394	70.455327	-6.641340	2.725344	18.929582
4959	5625.314333	64.375067	-10.867515	2.612953	19.040250
4961	5627.404356	72.339733	-6.221326	2.723748	19.793096
4963	5629.496979	64.965949	-10.702101	2.646033	18.806516
4965	5631.589744	71.770260	-10.134238	2.704363	19.600147
4967	5633.682560	65.971068	-11.980966	2.784909	19.987646
4969	5635.774041	49.746042	12.081434	2.704465	19.971009
4971	5637.862948	63.848857	-10.637499	2.645160	20.847452
4973	5639.952156	78.397940	-8.723589	2.742531	20.420756
4975	5642.040696	49.544076	11.225551	2.717053	19.403825
4977	5644.129905	64.726091	-10.114090	2.654576	20.792916
4979	5646.219798	71.964227	-9.820769	2.703784	20.364416
4981	5648.310252	69.444598	-12.123145	2.744561	19.758607
4983	5650.401174	71.704334	-9.642311	2.703895	20.099140
4985	5652.491538	72.626529	-9.466093	2.699738	19.709292
4987	5654.582092	74.097826	-9.879546	2.738705	20.309748
4989	5656.673009	67.691490	-10.985428	2.792110	20.229403
4991	5658.764886	69.111075	-10.810218	2.792436	20.665793
4993	5660.857098	49.938618	10.601532	2.704657	21.069187
4995	5662.949127	68.487064	-10.762032	2.793802	21.343508
4997	5665.040770	68.466231	-11.085124	2.781301	20.822829
4999	5667.132157	50.260243	10.488909	2.712008	20.587512
5001	5669.222121	49.826912	12.054407	2.692473	20.981112
5003	5671.310668	50.135016	10.895890	2.715226	21.624994
5005	5673.399537	70.365758	-11.428291	2.718320	21.371613
5007	5675.488811	73.508512	-9.016418	2.685528	20.634961
5009	5677.578411	73.058269	-9.221619	2.679285	21.874247
5011	5679.668943	68.742526	-10.821555	2.774432	21.833885
5013	5681.760729	49.727505	10.114870	2.690502	21.512323
5015	5683.852650	50.497697	10.375677	2.696638	21.423316
5017	5685.943875	70.204691	-10.464280	2.776958	21.573818
5019	5688.034791	50.335468	10.196595	2.692511	21.439008
5021	5690.125477	50.538868	9.817238	2.689100	21.578989
5023	5692.216233	70.934359	-10.110320	2.776738	21.681545
5025	5694.306273	50.609366	10.162891	2.694322	21.799163
5027	5696.396209	67.125630	-9.445983	2.601945	22.241468
5029	5698.485931	74.920480	-8.558811	2.676721	22.456777
5031	5700.575221	71.480066	-10.757333	2.756611	21.411999
5033	5702.664918	67.957321	-8.892315	2.597826	21.884292
5035	5704.755455	75.564433	-8.163531	2.675711	21.312083
5037	5706.846534	80.151901	-6.538446	2.724979	21.348954
5039	5708.938618	71.532046	-10.620790	2.753534	21.955029
5041	5711.030888	50.098537	10.043159	2.684213	21.633306
5043	5713.123001	50.767413	10.540960	2.684606	22.718254
5045	5715.214522	71.342189	-10.029516	2.761304	22.916395
5047	5717.304740	72.307362	-10.065886	2.757219	22.879259
5049	5719.394741	51.071961	9.759485	2.671322	23.134791
5051	5721.484543	51.556262	10.113247	2.679164	23.066441
5053	5723.573539	72.920234	-10.053502	2.752276	22.812461
5055	5725.663250	72.228657	-10.565001	2.699110	22.390434
5057	5727.752903	74.830151	-7.936847	2.665381	22.071184
5059	5729.843657	76.341952	-6.692766	2.700378	22.329126
5061	5731.934223	73.086127	-9.678988	2.753868	22.333712
5063	5734.023995	51.645736	10.192774	2.665538	22.301073
5065	5736.115738	68.604118	-8.579955	2.579345	22.804290
5067	5738.207371	76.169308	-3.338787	2.686884	22.956252
5069	5740.298758	51.647100	10.374922	2.668583	23.397704
5071	5742.390248	51.793135	10.311408	2.663888	23.002372
5073	5744.481307	51.720915	9.993945	2.664862	23.289374
5075	5746.572280	72.948069	-10.356157	2.688456	23.021296
5077	5748.662403	83.515274	-5.592113	2.705546	22.959562
5079	5750.751613	50.954626	9.909357	2.668389	23.558199
5081	5752.840953	51.638094	9.965551	2.669430	22.896138
5083	5754.930189	73.092468	-10.331447	2.684393	22.776197
5085	5757.019515	77.140374	-8.029403	2.637877	22.702033
5087	5759.109175	95.349381	-6.020280	2.681597	23.341983
5089	5761.199504	51.725093	9.792992	2.655481	22.742535
5091	5763.290380	73.264335	-10.099384	2.680637	23.364320
5093	5765.381279	72.259364	-9.536310	2.735696	22.348210
5095	5767.471942	51.783206	9.726135	2.653803	23.105197
5097	5769.562450	74.059547	-10.033035	2.675416	22.934917
5099	5771.653023	74.083559	-9.784939	2.676103	23.252192
5101	5773.743605	74.410731	-9.903557	2.667467	23.638149
5103	5775.833972	74.429243	-9.771195	2.670605	23.108368
5105	5777.924094	75.353800	-6.822730	2.644084	23.234080
5107	5780.014257	73.385449	-3.392072	2.671449	23.035382
5109	5782.104673	51.707828	9.301799	2.644347	23.308899
5111	5784.195459	51.810526	9.758300	2.635048	23.626703
5113	5786.286740	74.279834	-9.797361	2.666019	23.091454
5115	5788.378114	75.684064	-6.734936	2.639866	22.713289
5117	5790.470064	77.362035	-7.014725	2.629476	23.653260
5119	5792.561715	74.331562	-9.004666	2.718512	23.436234
5121	5794.653018	51.488577	9.583944	2.636013	24.382130
5123	5796.744529	51.275569	9.017273	2.630580	24.033461
5125	5798.835117	74.149851	-9.493952	2.653289	24.005568
5127	5800.925414	80.006366	-1.918052	2.673457	23.213287
5129	5803.015643	52.042998	9.031039	2.634824	23.308609
5131	5805.105567	52.095377	9.466701	2.630083	22.747106
5133	5807.195543	52.609477	9.304450	2.627580	23.370366
5135	5809.285679	52.162965	9.852570	2.618850	23.715036
5137	5811.375798	76.442360	-9.113490	2.698923	24.269540
5139	5813.466227	51.379285	8.851927	2.618534	24.537647
5141	5815.556968	53.874095	9.844107	2.626933	24.077632
5143	5817.647770	74.824308	-9.321006	2.649832	23.690356
5145	5819.738807	73.212625	-8.665010	2.704823	24.008022
5147	5821.829915	75.961372	-9.472777	2.690544	24.540304
5149	5823.921014	75.680779	-9.139585	2.692799	23.766441
5151	5826.011844	75.905480	-8.742255	2.700864	23.916921
5153	5828.102354	52.302358	9.234419	2.620330	23.836879
5155	5830.192380	76.124119	-9.090902	2.687235	24.282398
5157	5832.281819	75.611195	-9.305965	2.640939	23.349060
5159	5834.372382	80.126579	-7.508020	2.682280	23.930072
5161	5836.461621	76.069220	-8.715285	2.690107	24.569965
5163	5838.551093	52.042138	8.776369	2.613596	24.650022
5165	5840.640644	52.007326	8.967430	2.607346	23.960302
5167	5842.730357	77.826643	-9.106746	2.678000	23.596373
5169	5844.820181	52.624555	9.261005	2.599328	24.881982
5171	5846.911068	75.671932	-8.727366	2.679142	23.631037
5173	5849.001088	75.302769	-9.103800	2.625594	24.102584
5175	5851.091420	84.737031	-1.688825	2.636580	24.907972
