time (s)	coil I (A)	last det (V)	int current (uC)
5082.016209	0.287997	373.046875	-212.109375
5082.018219	0.589986	373.046875	-212.109375
5082.020217	0.780891	373.046875	-212.109375
5082.022219	0.783681	373.046875	-212.109375
5082.024216	0.781613	8.597747	0.451099
5083.036227	0.460236	275.683594	132.031250
5083.038229	0.731278	275.683594	132.031250
5083.042227	0.780527	275.683594	132.031250
5083.044229	0.778650	8.565152	0.599511
5084.130224	0.360527	365.722656	-218.261719
5084.132224	0.658135	365.722656	-218.261719
5084.134225	0.784772	365.722656	-218.261719
5084.136225	0.782471	8.607185	0.442782
5085.138773	0.422916	270.996094	128.320312
5085.140773	0.707181	270.996094	128.320312
5085.142772	0.783417	270.996094	128.320312
5085.144774	0.780668	8.587352	0.656784
5086.190834	0.561172	400.390625	-191.796875
5086.192836	0.773736	400.390625	-191.796875
5086.194837	0.782371	400.390625	-191.796875
5086.196838	0.780053	8.580581	0.612242
5087.208902	0.363506	262.988281	142.480469
5087.210904	0.660532	262.988281	142.480469
5087.212906	0.666094	262.988281	142.480469
5087.214905	0.781147	8.592616	0.518574
5088.294927	0.375252	366.503906	-217.089844
5088.296930	0.670605	366.503906	-217.089844
5088.298929	0.784183	366.503906	-217.089844
5088.300930	0.781661	8.598270	0.572545
5089.316972	0.466597	264.257812	137.500000
5089.320971	0.782768	264.257812	137.500000
5089.322974	0.780207	264.257812	137.500000
5089.324974	0.778321	8.561526	0.685205
5090.362985	0.309603	386.621094	-205.566406
5090.364987	0.610887	386.621094	-205.566406
5090.366988	0.781746	386.621094	-205.566406
5090.368989	0.781896	8.600858	0.519207
5091.394996	0.361456	264.453125	141.503906
5091.396999	0.658662	264.453125	141.503906
5091.398999	0.783479	264.453125	141.503906
5091.400998	0.781202	8.593227	0.552667
5092.473023	0.629627	340.332031	-239.648437
5092.475023	0.782971	340.332031	-239.648437
5092.477022	0.781830	8.600131	0.582430
5093.507447	0.271614	270.214844	124.121094
5093.509451	0.574010	270.214844	124.121094
5093.511449	0.775885	270.214844	124.121094
5093.513451	0.781613	270.214844	124.121094
5093.515450	0.779324	8.572569	0.608400
5094.545471	0.460118	364.843750	-218.066406
5094.547472	0.731285	364.843750	-218.066406
5094.549474	0.783403	364.843750	-218.066406
5094.551472	0.780871	8.589584	0.575586
5095.603484	0.642802	273.437500	126.757812
5095.605487	0.782898	273.437500	126.757812
5095.607486	0.781032	8.591349	0.687044
5096.647982	0.495822	359.082031	-221.289062
5096.649982	0.750115	359.082031	-221.289062
5096.651982	0.782883	359.082031	-221.289062
5096.653983	0.780479	8.585269	0.644832
5097.679980	0.230854	276.953125	127.929687
5097.681982	0.535891	276.953125	127.929687
5097.683983	0.765891	276.953125	127.929687
5097.685982	0.782040	276.953125	127.929687
5097.687981	0.779730	8.577027	0.651933
5098.742522	0.332531	340.429687	-234.277344
5098.744524	0.632524	340.429687	-234.277344
5098.746524	0.782579	340.429687	-234.277344
5098.748524	0.781327	8.594592	0.614967
5099.778584	0.454366	278.906250	122.070312
5099.780584	0.727607	278.906250	122.070312
5099.782585	0.782905	278.906250	122.070312
5099.784584	0.780274	8.583009	0.764431
5100.826598	0.289778	361.425781	-219.140625
5100.828619	0.321075	361.425781	-219.140625
5100.830624	0.779361	361.425781	-219.140625
5100.832625	0.781258	361.425781	-219.140625
5100.834625	0.778984	8.568821	0.650798
5101.870653	0.382667	278.613281	120.605469
5101.872655	0.676536	278.613281	120.605469
5101.874656	0.783707	278.613281	120.605469
5101.876655	0.781090	8.591987	0.699553
5102.918662	0.604555	366.699219	-215.136719
5102.920666	0.780385	366.699219	-215.136719
5102.924662	0.778984	8.568821	0.640400
5103.971174	0.782857	278.906250	122.070312
5103.973176	0.780108	8.581183	0.810795
5105.009183	2.590024	362.988281	-218.750000
5105.015183	0.779166	362.988281	-218.750000
5105.017185	0.777633	8.553967	0.980287
5106.053765	0.393896	275.878906	121.191406
5106.055767	0.685617	275.878906	121.191406
5106.057768	0.784196	275.878906	121.191406
5106.059767	0.781516	8.596675	0.730013
5107.103835	0.736279	346.875000	-232.128906
5107.105835	0.782326	346.875000	-232.128906
5107.107836	0.779697	8.576664	0.775764
5108.143852	0.485867	273.730469	127.539062
5108.145854	0.745118	273.730469	127.539062
5108.147855	0.782745	273.730469	127.539062
5108.149854	0.780285	8.583133	0.793221
5109.201875	0.444226	326.269531	-251.171875
5109.203877	0.721231	326.269531	-251.171875
5109.205876	0.782770	326.269531	-251.171875
5109.207877	0.780041	8.580448	0.769835
5110.235899	0.486346	272.167969	125.000000
5110.237900	0.745121	272.167969	125.000000
5110.239902	0.782396	272.167969	125.000000
5110.241899	0.779793	8.577727	0.869195
5111.282407	0.484935	373.046875	-213.769531
5111.284409	0.744449	373.046875	-213.769531
5111.286409	0.782301	373.046875	-213.769531
5111.288409	0.779880	8.578685	0.768358
5112.320895	0.506176	268.554687	127.832031
5112.322903	0.754384	268.554687	127.832031
5112.324907	0.782010	268.554687	127.832031
5112.326906	0.779606	8.575663	0.847636
5113.389001	0.517103	344.726562	-233.691406
5113.391003	0.759211	344.726562	-233.691406
5113.393003	0.782284	344.726562	-233.691406
5113.395003	0.779942	8.579367	0.814043
5114.408967	0.294962	272.558594	125.488281
5114.410973	0.596560	272.558594	125.488281
5114.412978	0.779818	272.558594	125.488281
5114.414978	0.781524	8.596764	0.941530
5115.486980	0.783482	353.417969	-225.683594
5115.488982	0.780695	353.417969	-225.683594
5115.490982	0.778770	8.566472	0.753977
5116.503912	0.579052	279.589844	121.191406
5116.505914	0.777116	279.589844	121.191406
5116.507914	0.781725	279.589844	121.191406
5116.509914	0.779445	8.573899	1.043180
5117.572522	0.780013	355.371094	-225.488281
5117.574524	0.781825	355.371094	-225.488281
5117.576524	0.779667	8.576336	0.999480
5118.599125	0.592949	284.375000	117.773437
5118.601123	0.779768	284.375000	117.773437
5118.603125	0.781619	284.375000	117.773437
5118.607122	0.777865	8.556520	1.150425
5119.663676	0.782262	321.582031	-252.441406
5119.665678	0.779731	321.582031	-252.441406
5119.667677	0.777911	8.557025	0.780215
5120.691664	0.366577	288.671875	114.941406
5120.693666	0.662908	288.671875	114.941406
5120.695666	0.783278	288.671875	114.941406
5120.697666	0.780836	8.589195	0.997694
5121.748228	0.640730	311.621094	-258.398437
5121.750230	0.783105	311.621094	-258.398437
5121.752231	0.781497	8.596462	0.830750
5122.786732	0.589206	281.250000	111.035156
5122.788728	0.779842	281.250000	111.035156
5122.790728	0.782781	281.250000	111.035156
5122.792728	0.780817	8.588991	0.903976
5123.840764	0.564319	326.953125	-247.070312
5123.842766	0.572394	326.953125	-247.070312
5123.844767	0.781672	326.953125	-247.070312
5123.846766	0.779411	8.573517	0.996021
5124.883285	0.501722	276.171875	111.718750
5124.885284	0.752389	276.171875	111.718750
5124.887286	0.782133	276.171875	111.718750
5124.889286	0.779673	8.576406	0.995131
5125.929300	0.425896	324.609375	-252.539062
5125.931302	0.709036	324.609375	-252.539062
5125.933303	0.783024	324.609375	-252.539062
5125.935301	0.780277	8.583044	0.848920
5126.971346	0.367409	275.195312	116.406250
5126.973347	0.663868	275.195312	116.406250
5126.975348	0.784847	275.195312	116.406250
5126.977349	0.782339	8.605723	1.000560
5128.023410	0.757271	333.691406	-245.605469
5128.025412	0.781965	333.691406	-245.605469
5128.027412	0.779536	8.574891	0.911098
5129.059969	0.741118	273.242187	122.265625
5129.063967	0.780324	273.242187	122.265625
5129.067967	0.777140	8.548535	0.937808
5130.124523	0.562082	310.644531	-263.769531
5130.126526	0.773262	310.644531	-263.769531
5130.128530	0.781626	310.644531	-263.769531
5130.130531	0.779341	8.572747	1.024401
5131.148538	0.333790	277.636719	120.214844
5131.150539	0.633494	277.636719	120.214844
5131.152540	0.783076	277.636719	120.214844
5131.154540	0.781762	8.599386	1.051437
5132.213078	0.579115	323.730469	-250.292969
5132.215082	0.776672	323.730469	-250.292969
5132.217082	0.781202	323.730469	-250.292969
5132.219082	0.778933	8.568262	0.889315
5133.243608	0.747394	278.710937	117.187500
5133.245611	0.782098	278.710937	117.187500
5133.247611	0.779600	8.575601	0.967479
5134.304137	0.432796	315.820312	-256.445312
5134.306140	0.713881	315.820312	-256.445312
5134.308140	0.783396	315.820312	-256.445312
5134.310140	0.780653	8.587183	0.961309
5135.332157	0.420249	279.980469	114.941406
5135.334158	0.704783	279.980469	114.941406
5135.336158	0.782314	279.980469	114.941406
5135.338159	0.779538	8.574918	1.060898
5136.398165	0.423937	308.398437	-263.964844
5136.400167	0.707808	308.398437	-263.964844
5136.402168	0.783299	308.398437	-263.964844
5136.404167	0.780498	8.585473	0.926210
5137.422205	0.352874	281.738281	111.816406
5137.424207	0.650859	281.738281	111.816406
5137.426207	0.782770	281.738281	111.816406
5137.430207	0.778499	8.563495	1.038972
5138.490243	0.431343	302.148437	-269.531250
5138.492245	0.712615	302.148437	-269.531250
5138.494246	0.782591	302.148437	-269.531250
5138.496245	0.779761	8.577373	0.964808
5139.516217	0.342349	284.667969	112.011719
5139.518219	0.641469	284.667969	112.011719
5139.520219	0.783157	284.667969	112.011719
5139.522220	0.781353	8.594884	1.139568
5140.579177	0.268535	309.082031	-264.062500
5140.581179	0.570905	309.082031	-264.062500
5140.583177	0.775411	309.082031	-264.062500
5140.585177	0.781580	309.082031	-264.062500
5140.587178	0.781494	8.596436	0.909844
5141.607197	0.415860	282.714844	109.277344
5141.609199	0.701797	282.714844	109.277344
5141.611199	0.782850	282.714844	109.277344
5141.613199	0.780024	8.580262	1.118387
5142.671222	0.351871	296.679687	-274.804687
5142.673226	0.650013	296.679687	-274.804687
5142.675225	0.783317	296.679687	-274.804687
5142.677224	0.781253	8.593785	0.967833
5143.703273	0.561172	281.250000	110.351562
5143.705275	0.773014	281.250000	110.351562
5143.707274	0.781534	281.250000	110.351562
5143.709275	0.779142	8.570558	1.087257
5144.761872	0.375352	314.453125	-258.691406
5144.763874	0.670442	314.453125	-258.691406
5144.767874	0.781407	314.453125	-258.691406
5144.769874	0.779503	8.574537	0.945902
5145.792760	0.702620	279.687500	111.816406
5145.794761	0.782580	279.687500	111.816406
5145.796762	0.779697	8.576664	1.072039
5146.859327	0.752813	287.988281	-282.617187
5146.861333	0.782155	287.988281	-282.617187
5146.863331	0.779623	8.575857	1.004037
5147.880826	2.752976	278.027344	113.085937
5147.888177	0.781102	278.027344	113.085937
5147.890180	0.781028	8.591313	1.101082
5148.944692	0.261809	287.988281	-283.593750
5148.946702	0.564472	287.988281	-283.593750
5148.948708	0.773794	287.988281	-283.593750
5148.950712	0.781208	287.988281	-283.593750
5148.952711	0.778823	8.567057	0.982413
5149.976709	0.392938	271.777344	111.718750
5149.978710	0.684603	271.777344	111.718750
5149.980709	0.783578	271.777344	111.718750
5149.982711	0.780862	8.589478	1.087041
5151.038772	0.753143	275.683594	-298.144531
5151.040774	0.782107	275.683594	-298.144531
5151.042774	0.779600	8.575601	1.040617
5152.070856	0.401821	268.066406	109.277344
5152.072857	0.691406	268.066406	109.277344
5152.074858	0.782946	268.066406	109.277344
5152.076857	0.782874	8.611616	1.060599
5153.122924	0.230404	301.269531	-274.804687
5153.128923	0.781605	301.269531	-274.804687
5153.130926	0.779278	301.269531	-274.804687
5153.132926	0.779186	8.571045	1.057389
5154.164904	0.237445	271.972656	105.761719
5154.166906	0.541807	271.972656	105.761719
5154.168908	0.767712	271.972656	105.761719
5154.170906	0.781879	271.972656	105.761719
5154.172907	0.779583	8.575414	1.094261
5155.212906	0.309344	270.117187	-302.832031
5155.214908	0.610299	270.117187	-302.832031
5155.216908	0.780903	270.117187	-302.832031
5155.218908	0.781136	8.592492	1.033449
5156.260926	0.534330	274.902344	102.636719
5156.262928	0.764914	274.902344	102.636719
5156.264928	0.781301	274.902344	102.636719
5156.266928	0.778842	8.567261	1.082755
5157.306920	0.456183	262.695312	-306.152344
5157.308927	0.728328	262.695312	-306.152344
5157.310932	0.782190	262.695312	-306.152344
5157.312934	0.779533	8.574864	1.037471
5158.350943	0.387505	279.394531	101.757812
5158.352945	0.680291	279.394531	101.757812
5158.354944	0.783930	279.394531	101.757812
5158.356945	0.781243	8.593671	1.069325
5159.394970	0.397136	267.773437	-300.292969
5159.396972	0.687787	267.773437	-300.292969
5159.398972	0.783192	267.773437	-300.292969
5159.400972	0.780391	8.584303	1.035134
5160.441013	0.477022	281.738281	100.683594
5160.443015	0.740352	281.738281	100.683594
5160.445015	0.782551	281.738281	100.683594
5160.447015	0.779992	8.579916	1.106036
5161.491023	0.462169	277.050781	-293.847656
5161.493027	0.731734	277.050781	-293.847656
5161.495025	0.781917	277.050781	-293.847656
5161.497026	0.779150	8.570646	1.019433
5162.527048	0.345776	287.890625	103.613281
5162.529050	0.644478	287.890625	103.613281
5162.531051	0.782554	287.890625	103.613281
5162.533049	0.780642	8.587059	1.133230
5163.585022	0.293325	268.261719	-303.417969
5163.587033	0.594822	268.261719	-303.417969
5163.589033	0.779349	268.261719	-303.417969
5163.591033	0.781081	268.261719	-303.417969
5163.593033	0.778922	8.568147	1.009372
5164.619085	0.500186	277.441406	101.367187
5164.621086	0.751381	277.441406	101.367187
5164.623087	0.753820	277.441406	101.367187
5164.625087	0.779058	8.569635	1.128146
5165.679090	0.525552	285.937500	-285.937500
5165.681091	0.762083	285.937500	-285.937500
5165.683090	0.781833	285.937500	-285.937500
5165.685091	0.779508	8.574590	0.997794
5166.709110	0.352061	270.507812	101.855469
5166.711110	0.650264	270.507812	101.855469
5166.713110	0.784136	270.507812	101.855469
5166.715111	0.782081	8.602887	1.132189
5167.771119	0.448674	248.828125	-321.777344
5167.773119	0.723812	248.828125	-321.777344
5167.775120	0.782442	248.828125	-321.777344
5167.777119	0.779730	8.577027	1.001699
5168.801159	0.585910	277.929687	108.496094
5168.805157	0.781074	277.929687	108.496094
5168.807160	0.778839	277.929687	108.496094
5168.809159	0.777243	8.549669	1.100702
5169.861189	0.376704	245.019531	-327.832031
5169.863190	0.780962	245.019531	-327.832031
5169.865190	0.780740	8.588140	1.049564
5170.895238	0.582798	274.023437	109.277344
5170.897240	0.777177	274.023437	109.277344
5170.899241	0.781061	274.023437	109.277344
5170.901241	0.778732	8.566055	1.170517
5171.949233	2.393665	251.171875	-323.730469
5171.951235	0.621370	251.171875	-323.730469
5171.953234	0.782349	251.171875	-323.730469
5171.955233	0.781726	8.598988	1.058345
5172.985278	0.283690	273.046875	108.789062
5172.987280	0.585467	273.046875	108.789062
5172.989282	0.777910	273.046875	108.789062
5172.991281	0.781356	273.046875	108.789062
5172.993281	0.779067	8.569734	1.070484
5174.039807	0.411560	274.902344	-300.878906
5174.041807	0.698516	274.902344	-300.878906
5174.043807	0.782632	274.902344	-300.878906
5174.045807	0.779830	8.578135	1.041430
5175.079808	0.353177	267.187500	103.808594
5175.081809	0.651192	267.187500	103.808594
5175.083809	0.784011	267.187500	103.808594
5175.085809	0.781839	8.600228	1.045267
5176.131840	1.507057	266.992187	-308.984375
5176.133842	0.744602	266.992187	-308.984375
5176.135840	0.782147	266.992187	-308.984375
5176.137840	0.779656	8.576212	1.070733
5177.168749	0.269749	268.847656	103.222656
5177.170748	0.572023	268.847656	103.222656
5177.172753	0.775028	268.847656	103.222656
5177.174752	0.780793	268.847656	103.222656
5177.176753	0.778398	8.562378	1.058536
5178.222765	0.628631	256.933594	-320.410156
5178.224768	0.782313	256.933594	-320.410156
5178.226768	0.781202	8.593227	1.060305
5179.267307	0.559394	265.820312	100.878906
5179.269310	0.772643	265.820312	100.878906
5179.271310	0.781610	265.820312	100.878906
5179.273309	0.779266	8.571922	1.025218
5180.313331	0.702658	256.640625	-320.898437
5180.315333	0.782305	256.640625	-320.898437
5180.317331	0.779486	8.574350	1.088693
5181.353851	0.431330	268.554687	102.246094
5181.355854	0.712667	268.554687	102.246094
5181.357852	0.783005	268.554687	102.246094
5181.359853	0.780287	8.583160	1.031772
5182.405872	0.638074	255.371094	-322.265625
5182.407873	0.782350	255.371094	-322.265625
5182.409874	0.780680	8.587484	1.053412
5183.444410	0.282303	268.457031	102.246094
5183.446413	0.584106	268.457031	102.246094
5183.448412	0.777568	268.457031	102.246094
5183.450412	0.781122	268.457031	102.246094
5183.452410	0.778870	8.567572	1.040812
5184.494481	0.276081	234.960937	-344.140625
5184.496485	0.578171	234.960937	-344.140625
5184.498484	0.776582	234.960937	-344.140625
5184.500485	0.781297	234.960937	-344.140625
5184.504481	0.777433	8.551761	1.052242
5185.536518	0.527762	261.132812	100.195312
5185.538519	0.762702	261.132812	100.195312
5185.540521	0.781439	261.132812	100.195312
5185.542521	0.781337	8.594707	1.021672
5186.590574	0.715990	245.410156	-333.105469
5186.592577	0.783761	245.410156	-333.105469
5186.594577	0.781061	8.591676	1.051689
5187.625144	0.400144	264.453125	101.953125
5187.627143	0.690001	264.453125	101.953125
5187.629144	0.782819	264.453125	101.953125
5187.631145	0.780075	8.580829	1.032221
5188.685158	0.782481	227.050781	-351.855469
5188.687163	0.779581	227.050781	-351.855469
5188.689163	0.777743	8.555173	1.012059
5189.715175	0.408408	272.070312	104.199219
5189.717176	0.696220	272.070312	104.199219
5189.719177	0.782498	272.070312	104.199219
5189.721177	0.779673	8.576406	1.015530
5190.774106	0.425834	222.363281	-354.785156
5190.776106	0.708927	222.363281	-354.785156
5190.778107	0.783108	222.363281	-354.785156
5190.780107	0.780389	8.584276	1.006933
5191.808123	0.739297	269.433594	100.390625
5191.810126	0.782015	269.433594	100.390625
5191.812126	0.779372	8.573092	1.023510
5192.868138	0.751904	255.859375	-317.773437
5192.870139	0.781471	255.859375	-317.773437
5192.872140	0.778980	8.568786	0.971684
5193.896128	0.323765	264.746094	95.410156
5193.898126	0.624045	264.746094	95.410156
5193.900126	0.782044	264.746094	95.410156
5193.902127	0.781260	8.593865	1.061106
5194.956149	0.351081	217.968750	-357.714844
5194.958151	0.649331	217.968750	-357.714844
5194.960151	0.784127	217.968750	-357.714844
5194.962152	0.782029	8.602320	1.004426
5195.990172	0.548773	279.492187	96.972656
5195.992173	0.770094	279.492187	96.972656
5195.994173	0.782130	279.492187	96.972656
5195.996173	0.779849	8.578339	1.056618
5197.046178	0.358823	234.472656	-340.917969
5197.048177	0.655996	234.472656	-340.917969
5197.050177	0.783342	234.472656	-340.917969
5197.052179	0.781123	8.592350	0.955030
5198.082202	0.471747	280.859375	94.238281
5198.084202	0.737063	280.859375	94.238281
5198.086215	0.781777	280.859375	94.238281
5198.088218	0.779095	8.570044	1.044898
5199.135178	0.442418	229.882812	-344.726562
5199.137177	0.719721	229.882812	-344.726562
5199.139180	0.782297	229.882812	-344.726562
5199.141179	0.779607	8.575680	0.947020
5200.175205	0.389026	270.703125	89.648437
5200.177206	0.681713	270.703125	89.648437
5200.179206	0.785026	270.703125	89.648437
5200.181205	0.782399	8.606388	1.003755
5201.225234	0.528402	218.554687	-355.371094
5201.227237	0.762936	218.554687	-355.371094
5201.229236	0.781413	218.554687	-355.371094
5201.231236	0.779006	8.569069	0.961471
5202.267226	0.307234	272.656250	90.039062
5202.269228	0.608147	272.656250	90.039062
5202.271228	0.780635	272.656250	90.039062
5202.273230	0.780995	8.590950	0.996702
5203.313236	0.308135	232.226562	-340.917969
5203.315236	0.609043	232.226562	-340.917969
5203.317237	0.783752	232.226562	-340.917969
5203.319238	0.784313	8.627444	1.000551
5204.362180	0.666137	263.867187	87.890625
5204.364181	0.783092	263.867187	87.890625
5204.366181	0.780667	8.587334	0.961190
5205.404646	0.447386	211.035156	-366.796875
5205.406647	0.723058	211.035156	-366.796875
5205.408646	0.782660	211.035156	-366.796875
5205.410646	0.779973	8.579703	0.971390
5206.452635	0.662248	269.824219	91.894531
5206.454636	0.783621	269.824219	91.894531
5206.456634	0.781205	8.593254	0.952395
5207.495151	0.371162	218.261719	-364.453125
5207.497152	0.666709	218.261719	-364.453125
5207.499153	0.783516	218.261719	-364.453125
5207.501152	0.781057	8.591632	0.986208
5208.541167	0.524233	263.378906	92.968750
5208.543168	0.761718	263.378906	92.968750
5208.545169	0.781940	263.378906	92.968750
5208.547168	0.779590	8.575485	0.925121
5209.589173	0.440930	205.761719	-381.152344
5209.591175	0.718977	205.761719	-381.152344
5209.593175	0.782517	205.761719	-381.152344
5209.595175	0.779694	8.576637	0.966672
5210.629214	0.310297	260.058594	94.335937
5210.631216	0.611132	260.058594	94.335937
5210.635214	0.781561	260.058594	94.335937
5210.637216	0.779407	8.573482	0.934060
5211.681222	0.442264	223.828125	-361.035156
5211.683223	0.719659	223.828125	-361.035156
5211.685222	0.782064	223.828125	-361.035156
5211.687221	0.779293	8.572224	0.968939
5212.721756	0.685925	257.031250	94.921875
5212.723759	0.783130	257.031250	94.921875
5212.725759	0.780434	8.584773	0.953551
5213.773757	0.442012	226.269531	-357.324219
5213.775759	0.719734	226.269531	-357.324219
5213.777760	0.782873	226.269531	-357.324219
5213.779760	0.780139	8.581530	0.944033
5214.810298	0.479629	260.839844	95.410156
5214.812300	0.741237	260.839844	95.410156
5214.814299	0.745065	260.839844	95.410156
5214.816300	0.779008	8.569086	0.916925
5215.866323	0.563119	193.066406	-394.433594
5215.868324	0.782750	193.066406	-394.433594
5215.870326	0.780234	8.582575	0.954546
5216.900368	0.491234	269.238281	97.851562
5216.902370	0.747523	269.238281	97.851562
5216.904370	0.782210	269.238281	97.851562
5216.906369	0.779751	8.577258	0.943936
5217.957291	2.283341	209.277344	-375.097656
5217.959290	0.757638	209.277344	-375.097656
5217.961290	0.781754	209.277344	-375.097656
5217.963290	0.779296	8.572250	0.919805
5218.993285	0.771031	271.582031	97.558594
5218.995292	0.781126	271.582031	97.558594
5218.997294	0.778743	8.566171	0.937685
5220.047304	0.365977	204.980469	-379.882812
5220.049304	0.662443	204.980469	-379.882812
5220.051307	0.783761	204.980469	-379.882812
5220.053306	0.781318	8.594503	0.932554
5221.081299	0.405647	268.457031	96.289062
5221.083300	0.694130	268.457031	96.289062
5221.085298	0.782450	268.457031	96.289062
5221.087300	0.779738	8.577115	0.937784
5222.141850	0.778880	189.453125	-398.828125
5222.145850	0.780988	189.453125	-398.828125
5222.147852	0.778717	8.565887	0.933827
5223.173915	0.568143	266.992187	95.507812
5223.175917	0.774173	266.992187	95.507812
5223.177914	0.780925	266.992187	95.507812
5223.179916	0.778614	8.564753	0.910739
5224.228498	0.394555	225.683594	-357.617187
5224.230499	0.685705	225.683594	-357.617187
5224.232500	0.782909	225.683594	-357.617187
5224.234498	0.780204	8.582247	0.923186
5225.264522	0.432767	262.792969	94.726562
5225.266525	0.713509	262.792969	94.726562
5225.268524	0.782740	262.792969	94.726562
5225.270524	0.779969	8.579659	0.876559
5226.318551	0.327193	218.847656	-367.089844
5226.320551	0.627274	218.847656	-367.089844
5226.322553	0.782201	218.847656	-367.089844
5226.324552	0.781148	8.592625	0.923710
5227.359444	0.782048	266.992187	95.507812
5227.361447	0.780253	8.582779	0.926023
5228.407982	0.320826	226.269531	-359.765625
5228.409985	0.621127	226.269531	-359.765625
5228.411985	0.781846	226.269531	-359.765625
5228.413985	0.781290	8.594193	0.918398
5229.449975	0.560770	262.500000	92.773437
5229.451978	0.772915	262.500000	92.773437
5229.453976	0.781497	262.500000	92.773437
5229.455976	0.779157	8.570726	0.937078
5230.500527	0.694604	186.132812	-408.007812
5230.502526	0.783070	186.132812	-408.007812
5230.504527	0.780391	8.584303	0.906159
5231.540510	0.256652	260.644531	89.746094
5231.542512	0.559430	260.644531	89.746094
5231.544517	0.772346	260.644531	89.746094
5231.546522	0.781246	260.644531	89.746094
5231.548524	0.778899	8.567890	0.851220
5232.588514	0.484322	191.308594	-400.195312
5232.590516	0.743954	191.308594	-400.195312
5232.592518	0.782075	191.308594	-400.195312
5232.594517	0.779590	8.575485	0.895214
5233.634496	0.479013	256.933594	85.839844
5233.636498	0.741052	256.933594	85.839844
5233.638499	0.781940	256.933594	85.839844
5233.640498	0.779350	8.572853	0.814055
5234.678562	0.493176	192.285156	-395.507812
5234.680565	0.748195	192.285156	-395.507812
5234.682563	0.781869	192.285156	-395.507812
5234.684561	0.779334	8.572676	0.880054
5235.724588	0.418935	262.109375	84.375000
5235.726590	0.704026	262.109375	84.375000
5235.728591	0.782851	262.109375	84.375000
5235.730592	0.780038	8.580421	0.838078
5236.774632	0.780899	172.167969	-413.574219
5236.776635	0.778939	8.568324	0.874564
5237.814694	0.279361	266.699219	83.789062
5237.816701	0.581299	266.699219	83.789062
5237.818697	0.776750	266.699219	83.789062
5237.820697	0.780757	266.699219	83.789062
5237.822697	0.778426	8.562688	0.852808
5238.860705	0.512377	178.417969	-404.394531
5238.862707	0.756870	178.417969	-404.394531
5238.864705	0.781905	178.417969	-404.394531
5238.866707	0.779499	8.574484	0.844112
5239.904743	0.369656	269.921875	83.789062
5239.906744	0.665442	269.921875	83.789062
5239.908743	0.783252	269.921875	83.789062
5239.910743	0.780867	8.589532	0.845637
5240.952758	0.514759	193.750000	-388.574219
5240.954758	0.757704	193.750000	-388.574219
5240.960756	0.779028	193.750000	-388.574219
5240.962760	0.776131	8.537439	0.839103
5241.994785	0.530445	261.914062	82.226562
5241.996787	0.763434	261.914062	82.226562
5241.998786	0.781285	261.914062	82.226562
5242.000785	0.778976	8.568741	0.862128
5243.044844	0.370038	200.683594	-382.519531
5243.046846	0.665722	200.683594	-382.519531
5243.048845	0.783039	200.683594	-382.519531
5243.050845	0.780574	8.586315	0.828939
5244.084853	0.543412	261.132812	82.324219
5244.086855	0.767778	261.132812	82.324219
5244.088855	0.781315	261.132812	82.324219
5244.090855	0.778883	8.567713	0.876483
5245.136866	0.289616	197.753906	-387.207031
5245.138901	0.591177	197.753906	-387.207031
5245.140904	0.779440	197.753906	-387.207031
5245.142903	0.781281	197.753906	-387.207031
5245.144904	0.779081	8.569893	0.829546
5246.176900	0.782918	273.437500	86.132812
5246.178902	0.780158	8.581741	0.839602
5247.229455	0.374999	177.441406	-410.644531
5247.231459	0.669937	177.441406	-410.644531
5247.233459	0.783787	177.441406	-410.644531
5247.235458	0.781313	8.594441	0.845410
5248.263457	0.493280	256.542969	83.398437
5248.265459	0.748037	256.542969	83.398437
5248.267459	0.781526	256.542969	83.398437
5248.269459	0.778951	8.568466	0.849730
5249.319474	0.221906	208.691406	-375.585937
5249.321477	0.234816	208.691406	-375.585937
5249.323477	0.762464	208.691406	-375.585937
5249.325477	0.781280	208.691406	-375.585937
5249.327478	0.778804	8.566844	0.866055
5250.354406	0.561198	272.070312	89.160156
5250.356408	0.773205	272.070312	89.160156
5250.358408	0.781605	272.070312	89.160156
5250.360408	0.779346	8.572808	0.825831
5251.412384	0.511642	187.890625	-401.171875
5251.414386	0.756625	187.890625	-401.171875
5251.416387	0.782002	187.890625	-401.171875
5251.420385	0.777820	8.556024	0.801389
5252.444394	0.409723	259.765625	87.695312
5252.446397	0.697297	259.765625	87.695312
5252.448395	0.782639	259.765625	87.695312
5252.450396	0.779874	8.578613	0.794294
5253.502438	0.524138	171.386719	-422.558594
5253.504442	0.761456	171.386719	-422.558594
5253.506446	0.781680	171.386719	-422.558594
5253.508450	0.779302	8.572321	0.840466
5254.536476	0.492740	262.988281	89.453125
5254.538479	0.502306	262.988281	89.453125
5254.540482	0.782094	262.988281	89.453125
5254.542485	0.779570	8.575273	0.767017
5255.593014	0.535084	174.316406	-420.703125
5255.595015	0.765013	174.316406	-420.703125
5255.597015	0.781144	174.316406	-420.703125
5255.599013	0.778726	8.565985	0.843976
5256.627024	0.501324	263.476562	90.332031
5256.629026	0.751728	263.476562	90.332031
5256.631027	0.781233	263.476562	90.332031
5256.633025	0.778651	8.565161	0.803828
5257.683561	0.541289	179.101562	-416.113281
5257.685562	0.766962	179.101562	-416.113281
5257.687563	0.780954	179.101562	-416.113281
5257.689562	0.778549	8.564044	0.856649
5258.719578	0.713544	265.332031	91.308594
5258.723579	0.779527	265.332031	91.308594
5258.725582	0.777627	8.553896	0.806336
5259.774135	0.553329	205.371094	-385.058594
5259.776137	0.770548	205.371094	-385.058594
5259.778138	0.772161	205.371094	-385.058594
5259.780137	0.778571	8.564283	0.883811
5260.808119	0.363384	259.765625	89.453125
5260.810120	0.660078	259.765625	89.453125
5260.812121	0.783876	259.765625	89.453125
5260.814119	0.783892	8.622809	0.765980
5261.864127	0.480279	204.785156	-385.839844
5261.866128	0.742686	204.785156	-385.839844
5261.868126	0.783677	204.785156	-385.839844
5261.870126	0.781214	8.593351	0.797393
5262.900172	0.517408	254.394531	87.597656
5262.902173	0.758682	254.394531	87.597656
5262.904174	0.781412	254.394531	87.597656
5262.906174	0.778935	8.568289	0.739487
5263.954168	0.333024	196.582031	-395.898437
5263.956170	0.632631	196.582031	-395.898437
5263.958178	0.782757	196.582031	-395.898437
5263.960183	0.781405	8.595452	0.840020
5264.988680	0.295899	251.757812	86.132812
5264.990685	0.597209	251.757812	86.132812
5264.992689	0.779535	251.757812	86.132812
5264.994689	0.781189	8.593077	0.789545
5266.044702	0.339817	173.437500	-424.414062
5266.046705	0.638980	173.437500	-424.414062
5266.048703	0.782892	173.437500	-424.414062
5266.050704	0.781227	8.593493	0.792323
5267.082726	0.599717	268.945312	89.453125
5267.084727	0.779524	268.945312	89.453125
5267.086727	0.780822	8.589045	0.970389
5268.136729	0.417051	200.878906	-389.648437
5268.138728	0.702541	200.878906	-389.648437
5268.140728	0.782624	200.878906	-389.648437
5268.142727	0.779830	8.578126	0.824352
5269.169643	0.290974	256.738281	85.058594
5269.171672	0.592468	256.738281	85.058594
5269.173676	0.780259	256.738281	85.058594
5269.175676	0.782189	8.604084	0.761788
5270.227723	0.337082	181.640625	-412.500000
5270.229725	0.636439	181.640625	-412.500000
5270.231724	0.783067	181.640625	-412.500000
5270.233725	0.781508	8.596586	0.775921
5271.263739	0.728106	266.699219	85.546875
5271.265741	0.782722	266.699219	85.546875
5271.267742	0.780015	8.580164	0.732145
5272.318289	0.344358	165.820312	-430.371094
5272.320295	0.643198	165.820312	-430.371094
5272.322299	0.783381	165.820312	-430.371094
5272.324303	0.781611	8.597721	0.801957
5273.352273	0.461705	272.851562	85.351562
5273.354274	0.731707	272.851562	85.351562
5273.356274	0.782575	272.851562	85.351562
5273.358276	0.779903	8.578932	0.733550
5274.410291	0.569913	173.437500	-420.996094
5274.412293	0.774681	173.437500	-420.996094
5274.414293	0.781035	173.437500	-420.996094
5274.416293	0.778663	8.565293	0.875953
5275.444311	0.538715	269.238281	82.812500
5275.446311	0.766311	269.238281	82.812500
5275.448311	0.781265	269.238281	82.812500
5275.450311	0.778820	8.567021	0.754948
5276.500817	0.651436	194.824219	-396.679687
5276.502819	0.782479	194.824219	-396.679687
5276.508817	0.778218	8.560402	0.740819
5277.535342	0.466727	275.878906	82.519531
5277.537342	0.734741	275.878906	82.519531
5277.539344	0.782925	275.878906	82.519531
5277.541344	0.780361	8.583966	0.727850
5278.587364	0.289755	158.300781	-437.500000
5278.589392	0.591244	158.300781	-437.500000
5278.591396	0.598705	158.300781	-437.500000
5278.593395	0.781637	158.300781	-437.500000
5278.595396	0.779500	8.574501	0.750151
5279.627446	0.477695	276.660156	81.347656
5279.629445	0.740409	276.660156	81.347656
5279.631446	0.782105	276.660156	81.347656
5279.633445	0.779412	8.573536	0.719109
5280.677434	0.380819	195.507812	-394.531250
5280.679435	0.674794	195.507812	-394.531250
5280.681436	0.783670	195.507812	-394.531250
5280.687435	0.777609	8.553701	0.768783
5281.720380	0.534067	261.035156	77.636719
5281.722383	0.764818	261.035156	77.636719
5281.724381	0.781307	261.035156	77.636719
5281.726383	0.778854	8.567393	0.740757
5282.768381	0.601950	169.824219	-423.242187
5282.770385	0.780249	169.824219	-423.242187
5282.772386	0.781368	8.595044	0.743681
5283.810404	0.310519	266.210937	78.125000
5283.812404	0.611216	266.210937	78.125000
5283.816404	0.781772	266.210937	78.125000
5283.818405	0.779715	8.576868	0.721191
5284.856403	0.386231	166.601562	-426.953125
5284.858407	0.679140	166.601562	-426.953125
5284.860406	0.783255	166.601562	-426.953125
5284.862406	0.780639	8.587033	0.741773
5285.902431	0.387388	255.566406	75.976562
5285.904433	0.680496	255.566406	75.976562
5285.906433	0.785658	255.566406	75.976562
5285.908433	0.782915	8.612069	0.735306
5286.948475	0.689636	162.695312	-434.375000
5286.950477	0.783045	162.695312	-434.375000
5286.952479	0.780311	8.583417	0.741973
5287.994502	0.545741	263.574219	78.613281
5287.996506	0.768586	263.574219	78.613281
5287.998504	0.781312	263.574219	78.613281
5288.000506	0.778929	8.568217	0.751533
5289.038506	0.550954	160.742187	-441.796875
5289.040506	0.769807	160.742187	-441.796875
5289.042507	0.780921	160.742187	-441.796875
5289.044508	0.778571	8.564283	0.816745
5290.084530	0.477508	259.277344	79.101562
5290.086531	0.740223	259.277344	79.101562
5290.088532	0.781970	259.277344	79.101562
5290.090531	0.779414	8.573553	0.665058
5291.132541	0.781455	159.863281	-447.753906
5291.134542	0.780316	8.583479	0.745232
5292.174559	0.484479	252.832031	79.003906
5292.176561	0.744141	252.832031	79.003906
5292.180558	0.779743	252.832031	79.003906
5292.182561	0.777957	8.557529	0.655054
5293.220580	0.409020	154.882812	-456.738281
5293.222582	0.423173	154.882812	-456.738281
5293.224581	0.784477	154.882812	-456.738281
5293.226581	0.781728	8.599006	0.732421
5294.264644	0.497834	259.179687	81.933594
5294.266646	0.750380	259.179687	81.933594
5294.268646	0.781732	259.179687	81.933594
5294.272646	0.779160	8.570762	0.644409
5295.311192	0.348144	177.441406	-429.101562
5295.313196	0.646532	177.441406	-429.101562
5295.315195	0.782626	177.441406	-429.101562
5295.317195	0.780606	8.586669	0.780286
5296.353726	0.441542	256.054687	82.128906
5296.355727	0.719065	256.054687	82.128906
5296.357727	0.782134	256.054687	82.128906
5296.359727	0.779299	8.572294	0.658190
5297.401711	0.273388	179.882812	-426.464844
5297.403712	0.575363	179.882812	-426.464844
5297.405712	0.776476	179.882812	-426.464844
5297.407711	0.781892	179.882812	-426.464844
5297.409711	0.779619	8.575804	0.746343
5298.444234	0.444665	252.929687	82.421875
5298.446239	0.721342	252.929687	82.421875
5298.450235	0.779781	252.929687	82.421875
5298.452236	0.777811	8.555917	0.649010
5299.494272	0.432817	167.675781	-442.675781
5299.496275	0.713379	167.675781	-442.675781
5299.498274	0.782202	167.675781	-442.675781
5299.500274	0.779447	8.573916	0.714965
5300.534282	0.375871	247.167969	80.957031
5300.536285	0.670628	247.167969	80.957031
5300.538286	0.783463	247.167969	80.957031
5300.540289	0.780933	8.590259	0.675443
5301.586288	0.580432	177.148437	-430.566406
5301.588290	0.777166	177.148437	-430.566406
5301.590291	0.781474	177.148437	-430.566406
5301.592290	0.779206	8.571266	0.878503
5302.625187	0.435491	250.488281	81.445312
5302.629189	0.782471	250.488281	81.445312
5302.631189	0.779766	250.488281	81.445312
5302.633189	0.777859	8.556449	0.631591
5303.677211	0.568096	175.097656	-433.593750
5303.679213	0.773958	175.097656	-433.593750
5303.681213	0.774939	175.097656	-433.593750
5303.683212	0.778154	8.559692	0.721566
5304.715737	0.443604	262.304687	84.472656
5304.717739	0.720355	262.304687	84.472656
5304.719739	0.782044	262.304687	84.472656
5304.721739	0.779214	8.571355	0.628822
5305.766636	0.485547	185.644531	-420.117187
5305.768636	0.744669	185.644531	-420.117187
5305.770637	0.782275	185.644531	-420.117187
5305.772638	0.779796	8.577754	0.699858
5306.806622	0.425897	253.417969	81.250000
5306.808624	0.708656	253.417969	81.250000
5306.810622	0.782173	253.417969	81.250000
5306.812623	0.779390	8.573287	0.630146
5307.856706	0.496982	167.871094	-444.140625
5307.858705	0.749815	167.871094	-444.140625
5307.860707	0.781440	167.871094	-444.140625
5307.862707	0.778879	8.567668	0.694966
5308.896711	0.284745	248.828125	79.101562
5308.898712	0.586443	248.828125	79.101562
5308.900715	0.778993	248.828125	79.101562
5308.902715	0.782359	248.828125	79.101562
5308.904716	0.780232	8.582558	0.681841
5309.946713	0.500872	161.035156	-453.320312
5309.948714	0.751701	161.035156	-453.320312
5309.950715	0.781601	161.035156	-453.320312
5309.952713	0.779012	8.569131	0.690134
5310.988770	0.368293	251.855469	78.027344
5310.990772	0.664108	251.855469	78.027344
5310.992771	0.782546	251.855469	78.027344
5310.994772	0.780046	8.580510	0.632820
5312.036768	0.511318	163.281250	-449.316406
5312.038771	0.756002	163.281250	-449.316406
5312.040772	0.781139	163.281250	-449.316406
5312.044768	0.776941	8.546354	0.683776
5313.084762	0.782084	247.753906	75.781250
5313.086765	0.779257	247.753906	75.781250
5313.088766	0.777391	8.551300	0.651529
5314.126825	0.523931	146.093750	-469.238281
5314.128828	0.761234	146.093750	-469.238281
5314.130831	0.781418	146.093750	-469.238281
5314.132838	0.778986	8.568847	0.677667
5315.170840	0.296933	261.718750	76.855469
5315.172851	0.317689	261.718750	76.855469
5315.174850	0.780741	261.718750	76.855469
5315.176853	0.782156	8.603711	0.637001
5316.218826	0.723598	161.132812	-446.093750
5316.220829	0.781836	161.132812	-446.093750
5316.222829	0.779091	8.569999	0.672099
5317.263368	0.528287	264.453125	76.464844
5317.265369	0.762904	264.453125	76.464844
5317.267373	0.766744	264.453125	76.464844
5317.269374	0.779067	8.569742	0.643975
5318.305920	0.314340	154.296875	-451.562500
5318.307923	0.614955	154.296875	-451.562500
5318.309923	0.780386	154.296875	-451.562500
5318.311920	0.780118	8.581299	0.686327
5319.355926	0.731344	265.917969	75.000000
5319.357930	0.782090	265.917969	75.000000
5319.359928	0.779463	8.574094	0.643503
5320.400479	0.737152	159.667969	-442.675781
5320.402479	0.782156	159.667969	-442.675781
5320.404481	0.779544	8.574980	0.651114
5321.442992	0.400403	263.769531	74.121094
5321.444992	0.690224	263.769531	74.121094
5321.446993	0.782678	263.769531	74.121094
5321.448994	0.779959	8.579544	0.626193
5322.488998	0.398238	159.570312	-442.578125
5322.490995	0.688598	159.570312	-442.578125
5322.492996	0.783218	159.570312	-442.578125
5322.494995	0.780503	8.585535	0.659148
5323.533005	0.405050	261.425781	73.730469
5323.535006	0.693743	261.425781	73.730469
5323.537008	0.782837	261.425781	73.730469
5323.539008	0.780058	8.580634	0.618404
5324.581033	0.475459	154.980469	-449.414062
5324.583035	0.738924	154.980469	-449.414062
5324.585033	0.781575	154.980469	-449.414062
5324.587032	0.778889	8.567775	0.641472
5325.625066	0.748040	258.007812	73.339844
5325.627069	0.781754	258.007812	73.339844
5325.629070	0.781626	8.597889	0.608622
5326.673087	0.480026	160.156250	-444.726562
5326.675089	0.741490	160.156250	-444.726562
5326.677090	0.781646	160.156250	-444.726562
5326.679090	0.779044	8.569485	0.631815
5327.711082	0.272426	254.980469	72.851562
5327.713084	0.574530	254.980469	72.851562
5327.715084	0.775998	254.980469	72.851562
5327.717084	0.781506	254.980469	72.851562
5327.719086	0.779258	8.571834	0.667705
5328.767121	0.770863	168.164062	-436.230469
5328.769122	0.781051	168.164062	-436.230469
5328.771121	0.778723	8.565958	0.738091
5329.801678	0.367438	255.371094	73.730469
5329.803680	0.663493	255.371094	73.730469
5329.805680	0.783127	255.371094	73.730469
5329.807681	0.780756	8.588318	0.611962
5330.857731	0.705211	174.218750	-429.687500
5330.859732	0.782454	174.218750	-429.687500
5330.861733	0.779660	8.576256	0.632267
5331.892264	0.534061	258.789062	75.195312
5331.894266	0.765249	258.789062	75.195312
5331.896267	0.781911	258.789062	75.195312
5331.898265	0.779520	8.574723	0.641867
5332.948275	0.648471	180.761719	-422.265625
5332.950275	0.782753	180.761719	-422.265625
5332.952277	0.780768	8.588450	1.052973
5333.982308	0.465732	251.171875	74.511719
5333.984311	0.733694	251.171875	74.511719
5333.986313	0.781803	251.171875	74.511719
5333.988310	0.779174	8.570912	0.591711
5335.038348	0.510700	169.628906	-436.816406
5335.040350	0.756017	169.628906	-436.816406
5335.042351	0.781635	169.628906	-436.816406
5335.044349	0.779193	8.571125	0.656251
5336.074854	0.737388	266.699219	77.929687
5336.078852	0.779005	266.699219	77.929687
5336.080857	0.777207	8.549279	0.580683
5337.129395	0.515465	146.777344	-466.113281
5337.133395	0.781312	146.777344	-466.113281
5337.135397	0.778814	146.777344	-466.113281
5337.139396	0.775961	8.535569	0.617860
5338.165446	0.745094	263.085937	78.222656
5338.167448	0.781485	263.085937	78.222656
5338.169449	0.778877	8.567651	0.577005
5339.219957	0.523532	139.453125	-476.367187
5339.221956	0.761191	139.453125	-476.367187
5339.223960	0.781594	139.453125	-476.367187
5339.225960	0.779235	8.571586	0.630175
5340.255965	0.773972	263.183594	78.222656
5340.257968	0.775001	263.183594	78.222656
5340.259969	0.778665	8.565320	0.738083
5341.310500	0.531652	140.527344	-475.683594
5341.312502	0.763827	140.527344	-475.683594
5341.314502	0.781102	140.527344	-475.683594
5341.318500	0.777028	8.547303	0.648805
5342.346505	0.750282	262.402344	78.320312
5342.348507	0.782137	262.402344	78.320312
5342.350509	0.779605	8.575653	0.568009
5343.401048	0.540652	149.707031	-465.039062
5343.403050	0.766864	149.707031	-465.039062
5343.405050	0.781310	149.707031	-465.039062
5343.407049	0.778895	8.567846	0.684262
5344.437068	0.754353	264.648437	78.808594
5344.439070	0.781745	264.648437	78.808594
5344.443068	0.777455	8.552009	0.563914
5345.493606	0.769802	137.988281	-479.882812
5345.495606	0.781362	137.988281	-479.882812
5345.499604	0.777422	8.551645	0.711627
5346.525642	0.518533	251.171875	75.683594
5346.527640	0.759489	251.171875	75.683594
5346.529642	0.782022	251.171875	75.683594
5346.531643	0.779692	8.576611	0.563967
5347.587639	0.779662	175.000000	-432.324219
5347.589641	0.777637	8.554003	0.616522
5348.615665	0.447628	247.167969	74.414062
5348.617667	0.723025	247.167969	74.414062
5348.619666	0.782239	247.167969	74.414062
5348.621667	0.779415	8.573562	0.603542
5349.672536	0.464673	143.945312	-472.558594
5349.674538	0.475809	143.945312	-472.558594
5349.676538	0.781708	143.945312	-472.558594
5349.678539	0.778976	8.568741	0.608178
5350.706512	0.425200	271.875000	78.906250
5350.708516	0.708276	271.875000	78.906250
5350.710514	0.782526	271.875000	78.906250
5350.712514	0.779690	8.576593	0.600587
5351.764508	0.679176	144.531250	-471.777344
5351.766509	0.782871	144.531250	-471.777344
5351.768510	0.782815	8.610970	0.610749
5352.796545	0.355264	270.703125	77.636719
5352.798547	0.652776	270.703125	77.636719
5352.800548	0.783270	270.703125	77.636719
5352.802548	0.781013	8.591145	0.574434
5353.854589	0.619182	138.476562	-479.199219
5353.856590	0.780896	138.476562	-479.199219
5353.860590	0.778172	8.559896	0.610513
5354.890553	0.752511	248.144531	72.363281
5354.892555	0.781600	248.144531	72.363281
5354.894556	0.779063	8.569698	0.553089
5355.943427	0.451162	146.972656	-468.652344
5355.945429	0.725152	146.972656	-468.652344
5355.947431	0.782176	146.972656	-468.652344
5355.949432	0.779461	8.574067	0.595579
5356.979438	0.561213	254.882812	73.144531
5356.981439	0.571157	254.882812	73.144531
5356.983439	0.781460	254.882812	73.144531
5356.985440	0.779179	8.570966	0.700146
5358.033459	0.455937	168.652344	-441.308594
5358.035461	0.727943	168.652344	-441.308594
5358.037462	0.781946	168.652344	-441.308594
5358.039462	0.779179	8.570974	0.622724
5359.069979	0.415450	267.871094	74.414062
5359.071982	0.701239	267.871094	74.414062
5359.073981	0.782276	267.871094	74.414062
5359.075981	0.779481	8.574288	0.564982
5360.122571	0.401790	174.218750	-433.886719
5360.124571	0.691357	174.218750	-433.886719
5360.126573	0.783229	174.218750	-433.886719
5360.128572	0.783116	8.614275	0.630493
5361.161514	0.417999	256.445312	71.679687
5361.163515	0.703146	256.445312	71.679687
5361.165517	0.782652	256.445312	71.679687
5361.167518	0.779928	8.579207	0.558109
5362.211530	0.326467	142.187500	-472.656250
5362.213533	0.626420	142.187500	-472.656250
5362.215532	0.782121	142.187500	-472.656250
5362.217533	0.781120	8.592323	0.606077
5363.253576	0.499121	255.761719	70.214844
5363.257576	0.781837	255.761719	70.214844
5363.259580	0.779336	255.761719	70.214844
5363.261580	0.777566	8.553223	0.543854
5364.301607	0.417670	147.753906	-465.820312
5364.303609	0.702960	147.753906	-465.820312
5364.305610	0.782570	147.753906	-465.820312
5364.307609	0.782449	8.606937	0.596603
5365.343601	0.271487	257.226562	69.921875
5365.345603	0.573476	257.226562	69.921875
5365.347602	0.775145	257.226562	69.921875
5365.351601	0.778445	257.226562	69.921875
5365.353603	0.776853	8.545380	0.569185
5366.391601	0.419887	143.066406	-470.800781
5366.393603	0.704239	143.066406	-470.800781
5366.395601	0.781924	143.066406	-470.800781
5366.397602	0.779064	8.569707	0.588613
5367.435564	0.342395	263.964844	70.800781
5367.437564	0.641121	263.964844	70.800781
5367.439565	0.781964	263.964844	70.800781
5367.441564	0.780143	8.581573	0.552584
5368.481605	0.423674	137.988281	-478.320312
5368.483606	0.706926	137.988281	-478.320312
5368.485607	0.781849	137.988281	-478.320312
5368.487606	0.778968	8.568644	0.588916
5369.529605	0.749363	264.648437	70.996094
5369.531606	0.781406	264.648437	70.996094
5369.533606	0.778847	8.567314	0.535708
5370.574141	0.753785	148.437500	-466.699219
5370.576141	0.781541	148.437500	-466.699219
5370.578142	0.778970	8.568670	0.582668
5371.618695	0.507687	272.558594	72.949219
5371.620698	0.754161	272.558594	72.949219
5371.622697	0.780750	272.558594	72.949219
5371.624699	0.778140	8.559542	0.524163
5372.662697	0.512786	140.527344	-480.175781
5372.664699	0.756540	140.527344	-480.175781
5372.666699	0.781014	140.527344	-480.175781
5372.668699	0.778476	8.563237	0.583825
5373.708684	0.432059	254.785156	70.507812
5373.710686	0.712669	254.785156	70.507812
5373.712687	0.781866	254.785156	70.507812
5373.714686	0.778989	8.568874	0.531103
5374.752721	0.442788	132.910156	-494.042969
5374.754725	0.719659	132.910156	-494.042969
5374.756724	0.781592	132.910156	-494.042969
5374.758723	0.778852	8.567376	0.600411
5375.798715	1.585246	257.910156	72.167969
5375.800716	0.718009	257.910156	72.167969
5375.802717	0.781812	257.910156	72.167969
5375.804721	0.778953	8.568483	0.535437
5376.842760	0.295265	139.648437	-488.476562
5376.844765	0.596316	139.648437	-488.476562
5376.846767	0.778950	139.648437	-488.476562
5376.848767	0.780618	8.586794	0.619280
5377.888779	0.374329	248.632812	71.093750
5377.890781	0.669089	248.632812	71.093750
5377.892783	0.782455	248.632812	71.093750
5377.894782	0.779833	8.578161	0.564069
5378.934819	0.454498	141.992187	-487.500000
5378.936819	0.726671	141.992187	-487.500000
5378.938820	0.781048	141.992187	-487.500000
5378.942818	0.776458	8.541037	0.596043
5379.978822	0.383581	249.902344	72.167969
5379.980823	0.676830	249.902344	72.167969
5379.982824	0.783284	249.902344	72.167969
5379.984823	0.780715	8.587866	0.528409
5381.026838	0.605917	137.109375	-496.191406
5381.028840	0.779811	137.109375	-496.191406
5381.032840	0.778174	8.559914	0.610987
5382.068854	0.312647	249.218750	72.558594
5382.070857	0.341556	249.218750	72.558594
5382.072857	0.781302	249.218750	72.558594
5382.074857	0.781262	8.593884	0.528295
5383.118898	0.731960	152.832031	-475.000000
5383.120898	0.781432	152.832031	-475.000000
5383.122899	0.778644	8.565081	0.583877
5384.159455	0.406987	260.156250	75.195312
5384.161457	0.695106	260.156250	75.195312
5384.163456	0.783085	260.156250	75.195312
5384.165458	0.780323	8.583550	0.517604
5385.207991	0.476407	142.578125	-489.062500
5385.209992	0.739052	142.578125	-489.062500
5385.211992	0.780850	142.578125	-489.062500
5385.213993	0.778151	8.559666	0.579189
