time (s)	energy (uJ)	charge (mC)	voltage (mV)	crossing#mod 255
5082.016984	32.569550	0.008598	3.788150	109
5083.036501	43.157627	0.008565	5.038746	110
5084.130802	33.419060	0.008607	3.882693	111
5085.139168	47.797535	0.008587	5.566039	112
5086.190871	32.673515	0.008581	3.807844	113
5087.210032	38.131969	0.008593	4.437760	114
5088.295462	42.111935	0.008598	4.897721	115
5089.316903	48.548317	0.008562	5.670521	116
5090.363711	35.032677	0.008601	4.073161	117
5091.395570	41.567497	0.008593	4.837239	118
5092.473008	41.290859	0.008600	4.801189	119
5093.508561	42.563053	0.008573	4.965029	120
5094.545765	42.125214	0.008590	4.904220	121
5095.603457	49.813080	0.008591	5.798051	122
5096.648178	45.781494	0.008585	5.332564	123
5097.680911	46.668255	0.008577	5.441075	124
5098.743180	45.471100	0.008595	5.290664	125
5099.778891	54.860477	0.008583	6.391754	126
5100.828479	46.384743	0.008569	5.413200	127
5101.871165	49.326481	0.008592	5.740987	128
5102.918646	46.885193	0.008569	5.471603	129
5103.971174	57.442856	0.008581	6.694048	130
5105.009356	86.841774	0.008554	10.152222	131
5106.054246	53.207924	0.008597	6.189361	132
5107.103714	55.806774	0.008577	6.506816	133
5108.144074	56.965591	0.008583	6.636923	134
5109.202209	55.447369	0.008580	6.462060	135
5110.236118	61.610035	0.008578	7.182559	136
5111.282631	55.313816	0.008579	6.447820	137
5112.321063	60.720318	0.008576	7.080540	138
5113.389141	58.292488	0.008579	6.794498	139
5114.409737	67.503906	0.008597	7.852247	140
5115.487798	53.170689	0.008566	6.206836	141
5116.503913	63.778534	0.008574	7.438685	142
5117.585023	59.923325	0.008576	6.987054	143
5118.599064	70.247231	0.008557	8.209790	144
5119.664513	56.090286	0.008557	6.554882	145
5120.692222	71.056992	0.008589	8.272835	146
5121.748205	58.038094	0.008596	6.751393	147
5122.786722	64.618713	0.008589	7.523435	148
5123.842670	62.976788	0.008574	7.345502	149
5124.883464	69.184402	0.008576	8.066829	150
5125.929687	60.640568	0.008583	7.065158	151
5126.971905	71.211693	0.008606	8.274922	152
5128.023192	63.694153	0.008575	7.427984	153
5129.059616	65.709412	0.008549	7.686628	154
5130.124558	65.411758	0.008573	7.630198	155
5131.149194	72.292877	0.008599	8.406749	156
5132.213078	61.900261	0.008568	7.224366	157
5133.243453	68.160706	0.008576	7.948213	158
5134.304506	67.483688	0.008587	7.858653	159
5135.332558	73.969307	0.008575	8.626241	160
5136.398557	64.823975	0.008585	7.550426	161
5137.422785	72.316399	0.008563	8.444730	162
5138.490613	67.141228	0.008577	7.827715	163
5139.516847	77.755417	0.008595	9.046709	164
5140.580022	64.986961	0.008596	7.559757	165
5141.607612	77.757317	0.008580	9.062347	166
5142.671825	67.219688	0.008594	7.821896	167
5143.703307	74.083817	0.008571	8.643991	168
5144.762393	65.981560	0.008575	7.695058	169
5145.792685	74.435677	0.008577	8.678862	170
5146.859138	68.171547	0.008576	7.949240	171
5147.880826	77.227104	0.008591	8.988976	172
5148.945832	68.172478	0.008567	7.957514	173
5149.977192	74.983376	0.008589	8.729677	174
5151.038582	71.141426	0.008576	8.295795	175
5152.071336	72.731812	0.008612	8.445780	176
5153.122897	72.517403	0.008571	8.460742	177
5154.165817	75.475441	0.008575	8.801375	178
5155.213632	69.257217	0.008592	8.060202	179
5156.261020	72.855614	0.008567	8.503957	180
5157.307221	70.398857	0.008575	8.209908	181
5158.351443	73.250473	0.008594	8.523769	182
5159.395439	71.423103	0.008584	8.320198	183
5160.441258	75.683998	0.008580	8.821066	184
5161.491305	69.629936	0.008571	8.124234	185
5162.527666	77.236183	0.008587	8.994486	186
5163.585774	68.912773	0.008568	8.042903	187
5164.619465	76.596375	0.008570	8.938113	188
5165.679209	68.443199	0.008575	7.982097	189
5166.709714	76.783455	0.008603	8.925312	190
5167.771440	68.411537	0.008577	7.976136	191
5168.801062	73.884026	0.008550	8.641741	192
5169.861188	71.000862	0.008588	8.267315	193
5170.895230	71.653633	0.008566	8.364834	194
5171.949035	72.917717	0.008599	8.479803	195
5172.986056	71.536598	0.008570	8.347587	196
5174.040233	71.196327	0.008578	8.299745	197
5175.080408	70.946129	0.008600	8.249331	198
5176.131750	71.186897	0.008576	8.300506	199
5177.169564	71.373154	0.008562	8.335670	200
5178.222750	70.599983	0.008593	8.215770	201
5179.267346	67.111786	0.008572	7.829257	202
5180.313258	74.676788	0.008574	8.709324	203
5181.354224	69.477631	0.008583	8.094644	204
5182.405849	70.324654	0.008587	8.189203	205
5183.445192	69.336769	0.008568	8.092932	206
5184.495574	70.078644	0.008552	8.194645	207
5185.536664	68.962341	0.008595	8.023815	208
5186.590491	67.918304	0.008592	7.905128	209
5187.625603	68.772614	0.008581	8.014682	210
5188.685936	63.760002	0.008555	7.452801	211
5189.715610	68.185600	0.008576	7.950369	212
5190.774494	68.109467	0.008584	7.934212	213
5191.807991	66.221184	0.008573	7.724305	214
5192.867954	64.018059	0.008569	7.471077	215
5193.896811	69.596077	0.008594	8.098344	216
5194.956756	67.066040	0.008602	7.796274	217
5195.990237	68.187088	0.008578	7.948752	218
5197.046760	64.523689	0.008592	7.509435	219
5198.082458	67.412346	0.008570	7.866045	220
5199.135517	63.093521	0.008576	7.357262	221
5200.175704	67.328392	0.008606	7.823072	222
5201.225343	63.387058	0.008569	7.397193	223
5202.267958	65.647728	0.008591	7.641499	224
5203.313975	67.722221	0.008627	7.849627	225
5204.362138	62.279617	0.008587	7.252498	226
5205.404972	64.683784	0.008580	7.539164	227
5206.452594	61.454762	0.008593	7.151512	228
5207.495697	65.631447	0.008592	7.638997	229
5208.541289	61.533493	0.008575	7.175511	230
5209.589515	63.941006	0.008577	7.455254	231
5210.629914	61.601044	0.008573	7.185068	232
5211.681560	64.230095	0.008572	7.492816	233
5212.721699	58.936310	0.008585	6.865215	234
5213.774098	62.761856	0.008582	7.313598	235
5214.810777	59.838554	0.008569	6.983073	236
5215.866300	61.562603	0.008583	7.172976	237
5216.900575	60.115295	0.008577	7.008684	238
5217.957265	61.147156	0.008572	7.133151	239
5218.992665	59.297844	0.008566	6.922328	240
5220.047865	61.335278	0.008595	7.136570	241
5221.081742	59.450279	0.008577	6.931268	242
5222.197679	16.162897	0.008566	1.886891	243
5223.173935	57.736286	0.008565	6.741150	244
5224.228974	60.716805	0.008582	7.074698	245
5225.264889	57.110935	0.008580	6.656550	246
5226.319224	61.130596	0.008593	7.114310	247
5227.359444	58.505695	0.008583	6.816638	248
5228.408676	60.219620	0.008594	7.007012	249
5229.450011	54.764099	0.008571	6.389668	250
5230.500465	59.034279	0.008584	6.877003	251
5231.541069	55.714912	0.008568	6.502758	252
5232.588739	58.766491	0.008575	6.852847	253
5233.634734	53.904579	0.008573	6.287823	254
5234.678762	56.658825	0.008573	6.609235	255
5235.724994	54.425953	0.008580	6.343040	0
5236.774632	55.262028	0.008568	6.449573	1
5237.815484	53.428562	0.008563	6.239695	2
5238.860857	55.697773	0.008574	6.495758	3
5239.905293	54.864182	0.008590	6.387331	4
5240.952833	55.195606	0.008537	6.465124	5
5241.994892	54.206841	0.008569	6.326115	6
5243.045392	54.143791	0.008586	6.305824	7
5244.084927	54.628979	0.008568	6.376145	8
5245.137637	53.772625	0.008570	6.274597	9
5246.176900	53.624115	0.008582	6.248629	10
5247.229992	53.981525	0.008594	6.280982	11
5248.263656	55.997147	0.008568	6.535259	12
5249.321621	53.396008	0.008567	6.232868	13
5250.354442	52.930161	0.008573	6.174191	14
5251.412512	52.390915	0.008556	6.123278	15
5252.444826	51.183632	0.008579	5.966423	16
5253.502559	53.332890	0.008572	6.221523	17
5254.538395	48.387657	0.008575	5.642696	18
5255.593107	53.892769	0.008566	6.291486	19
5256.627200	50.296417	0.008565	5.872209	20
5257.683638	52.184116	0.008564	6.093397	21
5258.719459	51.324146	0.008554	6.000090	22
5259.774263	59.939484	0.008564	6.998774	23
5260.808708	49.367332	0.008623	5.725203	24
5261.864367	47.151348	0.008593	5.486957	25
5262.900308	47.587906	0.008568	5.553957	26
5263.954826	52.811199	0.008595	6.144086	27
5264.989447	50.043209	0.008593	5.823666	28
5266.045340	51.128349	0.008593	5.949659	29
5267.082740	75.858658	0.008589	8.832025	30
5268.137139	51.908199	0.008578	6.051228	31
5269.170435	42.511494	0.008604	4.940851	32
5270.228369	50.214939	0.008597	5.841265	33
5271.263635	45.869194	0.008580	5.345958	34
5272.318916	52.483009	0.008598	6.104293	35
5273.352559	47.994320	0.008579	5.594440	36
5274.410306	47.957558	0.008565	5.599056	37
5275.444395	46.888470	0.008567	5.473136	38
5276.500750	47.276627	0.008560	5.522711	39
5277.535617	46.738720	0.008584	5.444886	40
5278.588875	48.778770	0.008575	5.688817	41
5279.627687	47.016125	0.008574	5.483866	42
5280.677922	48.499836	0.008554	5.670041	43
5281.720475	49.646671	0.008567	5.794840	44
5282.768393	44.396667	0.008595	5.165380	45
5283.811105	46.033005	0.008577	5.367111	46
5284.856905	47.810070	0.008587	5.567705	47
5285.902936	46.566181	0.008612	5.407084	48
5286.948415	46.185398	0.008583	5.380771	49
5287.994570	43.420506	0.008568	5.067625	50
5289.038562	47.221397	0.008564	5.513759	51
5290.084773	43.035454	0.008574	5.019559	52
5291.132541	44.044003	0.008583	5.131253	53
5292.174765	40.603912	0.008558	4.744817	54
5293.222491	45.221706	0.008599	5.258946	55
5294.264831	39.662071	0.008571	4.627602	56
5295.311804	48.485012	0.008587	5.646545	57
5296.354066	42.329025	0.008572	4.937888	58
5297.402522	48.457569	0.008576	5.650499	59
5298.444550	41.660828	0.008556	4.869242	60
5299.494638	46.009277	0.008574	5.366191	61
5300.534815	42.035763	0.008590	4.893423	62
5301.586286	46.340977	0.008571	5.406550	63
5302.625122	41.000877	0.008556	4.791810	64
5303.677282	47.134956	0.008560	5.506618	65
5304.716071	41.389961	0.008571	4.828870	66
5305.766858	40.050446	0.008578	4.669106	67
5306.807007	40.299362	0.008573	4.700573	68
5307.856894	44.874054	0.008568	5.237604	69
5308.897490	42.285080	0.008583	4.926862	70
5309.946891	44.514156	0.008569	5.194711	71
5310.989322	40.650398	0.008581	4.737527	72
5312.036894	44.158504	0.008546	5.166941	73
5313.085558	36.774902	0.008551	4.300504	74
5314.126945	44.531136	0.008569	5.196865	75
5315.172771	39.632534	0.008604	4.606447	76
5316.218727	42.018303	0.008570	4.902954	77
5317.263595	41.443935	0.008570	4.836077	78
5318.306629	43.720718	0.008581	5.094884	79
5319.355817	38.776455	0.008574	4.522513	80
5320.400356	40.768055	0.008575	4.754303	81
5321.443451	39.926491	0.008580	4.653685	82
5322.489464	42.196346	0.008586	4.914819	83
5323.533451	39.429111	0.008581	4.595128	84
5324.581279	41.513580	0.008568	4.845317	85
5325.625058	37.236004	0.008598	4.330831	86
5326.673321	40.829475	0.008569	4.764519	87
5327.711581	41.843349	0.008572	4.881493	88
5328.766529	39.181988	0.008566	4.574151	89
5329.802235	39.841244	0.008588	4.639005	90
5330.857656	39.769333	0.008576	4.637144	91
5331.892361	38.456421	0.008575	4.484859	92
5332.948245	40.711514	0.008588	4.740263	93
5333.982582	39.320515	0.008571	4.587669	94
5335.038503	41.619125	0.008571	4.855736	95
5336.074673	37.334393	0.008549	4.366963	96
5337.129291	41.152000	0.008536	4.821237	97
5338.165291	37.229279	0.008568	4.345331	98
5339.220080	37.950886	0.008572	4.427522	99
5340.257529	33.523407	0.008565	3.913854	100
5341.310574	41.426788	0.008547	4.846767	101
5342.346332	35.727604	0.008576	4.166167	102
5343.401129	41.683250	0.008568	4.865079	103
5344.436696	35.364769	0.008552	4.135259	104
5345.492572	39.160065	0.008552	4.579244	105
5346.525779	35.819450	0.008577	4.176411	106
5347.587639	35.281441	0.008554	4.124553	107
5348.615988	37.686321	0.008574	4.395643	108
5349.674450	38.929691	0.008569	4.543222	109
5350.706900	36.786221	0.008577	4.289141	110
5351.764507	37.797180	0.008611	4.389422	111
5352.797137	36.260078	0.008591	4.220634	112
5353.854555	38.389244	0.008560	4.484779	113
5354.890362	35.093693	0.008570	4.095091	114
5355.943742	38.464561	0.008574	4.486151	115
5356.981327	56.483852	0.008571	6.590139	116
5358.033759	38.824795	0.008571	4.529799	117
5359.070394	33.768639	0.008574	3.938360	118
5360.123052	40.662086	0.008614	4.720315	119
5361.161923	36.376965	0.008579	4.240131	120
5362.212207	40.226254	0.008592	4.681651	121
5363.253502	34.699192	0.008553	4.056856	122
5364.302043	38.249836	0.008607	4.444070	123
5365.344084	37.205082	0.008545	4.353825	124
5366.392002	37.619682	0.008570	4.389845	125
5367.436191	34.919674	0.008582	4.069146	126
5368.481995	37.427174	0.008569	4.367923	127
5369.529431	33.252407	0.008567	3.881311	128
5370.573937	36.770306	0.008569	4.291250	129
5371.618853	33.373615	0.008560	3.898995	130
5372.662843	37.493153	0.008563	4.378386	131
5373.709050	33.821720	0.008569	3.947044	132
5374.753058	38.299767	0.008567	4.470419	133
5375.798571	34.674866	0.008568	4.046792	134
5376.843528	39.182217	0.008587	4.563079	135
5377.889313	34.369808	0.008578	4.006664	136
5378.935100	38.072094	0.008541	4.457550	137
5379.979332	34.429726	0.008588	4.009113	138
5381.026819	38.425365	0.008560	4.488990	139
5382.070733	33.124844	0.008594	3.854467	140
5383.118779	36.456905	0.008565	4.256458	141
5384.159897	30.564798	0.008584	3.560857	142
5385.208232	37.278042	0.008560	4.355082	143
