crossing time (s)	slope (V/s)	crossing number
281474976710655.000000	2.973541	5737	0.000000
281474976710655.000000	2.884338	5738	6112204288.000000
281474976710655.000000	2.979115	5739	6113158656.000000
281474976710655.000000	2.866743	5740	6114274304.000000
281474976710655.000000	3.041916	5741	6115276800.000000
281474976710655.000000	2.860883	5742	6116348928.000000
281474976710655.000000	3.216906	5743	6117384704.000000
281474976710655.000000	3.099657	5744	6118434304.000000
281474976710655.000000	3.277827	5745	6119502336.000000
281474976710655.000000	3.525105	5746	6120502784.000000
281474976710655.000000	3.451222	5747	6121608704.000000
281474976710655.000000	3.493615	5748	6122615296.000000
281474976710655.000000	3.115402	5749	6123680768.000000
281474976710655.000000	3.413193	5750	6124729856.000000
281474976710655.000000	3.471784	5751	6125764096.000000
281474976710655.000000	3.448919	5752	6126838272.000000
281474976710655.000000	3.622349	5753	6127820288.000000
281474976710655.000000	3.689992	5754	6128952832.000000
281474976710655.000000	3.574179	5755	6129911296.000000
281474976710655.000000	3.786081	5756	6131052544.000000
281474976710655.000000	3.630139	5757	6132015104.000000
281474976710655.000000	3.619353	5758	6133139968.000000
281474976710655.000000	3.741699	5759	6134120448.000000
281474976710655.000000	3.569787	5760	6135211520.000000
281474976710655.000000	3.838170	5761	6136234496.000000
281474976710655.000000	4.109938	5762	6137293312.000000
281474976710655.000000	4.054821	5763	6138337792.000000
281474976710655.000000	3.575328	5764	6139364864.000000
281474976710655.000000	4.237726	5765	6140444672.000000
281474976710655.000000	4.600382	5766	6141456384.000000
281474976710655.000000	3.872411	5767	6142546432.000000
281474976710655.000000	4.278719	5768	6143558656.000000
281474976710655.000000	3.808395	5769	6144637952.000000
281474976710655.000000	3.921419	5770	6145654784.000000
281474976710655.000000	3.992651	5771	6146721792.000000
281474976710655.000000	3.729599	5772	6147741184.000000
281474976710655.000000	4.666562	5773	6148815872.000000
281474976710655.000000	4.211380	5774	6149833728.000000
281474976710655.000000	4.428268	5775	6150904320.000000
281474976710655.000000	4.521279	5776	6151942656.000000
281474976710655.000000	4.406626	5777	6152986112.000000
281474976710655.000000	4.339768	5778	6154052608.000000
281474976710655.000000	4.439925	5779	6155059712.000000
281474976710655.000000	4.029639	5780	6156165632.000000
281474976710655.000000	4.109673	5781	6157135872.000000
281474976710655.000000	3.724061	5782	6158263296.000000
281474976710655.000000	4.771599	5783	6159219200.000000
281474976710655.000000	4.648062	5784	6160351744.000000
281474976710655.000000	5.247362	5785	6161325568.000000
281474976710655.000000	5.090739	5786	6162437632.000000
281474976710655.000000	4.986316	5787	6163439616.000000
281474976710655.000000	4.778986	5788	6164511744.000000
281474976710655.000000	4.170537	5789	6165550592.000000
281474976710655.000000	4.917521	5790	6166589440.000000
281474976710655.000000	4.157733	5791	6167650816.000000
281474976710655.000000	4.238090	5792	6168673792.000000
281474976710655.000000	4.999086	5793	6169749504.000000
281474976710655.000000	4.581347	5794	6170756608.000000
281474976710655.000000	5.479727	5795	6171842048.000000
281474976710655.000000	5.047247	5796	6172860416.000000
281474976710655.000000	4.985598	5797	6173926912.000000
281474976710655.000000	5.384290	5798	6174965760.000000
281474976710655.000000	4.843049	5799	6176005632.000000
281474976710655.000000	5.018988	5800	6177070592.000000
281474976710655.000000	4.914179	5801	6178089472.000000
281474976710655.000000	4.815589	5802	6179167744.000000
281474976710655.000000	4.932134	5803	6180172800.000000
281474976710655.000000	5.444397	5804	6181266432.000000
281474976710655.000000	5.205503	5805	6182261760.000000
281474976710655.000000	5.400314	5806	6183362048.000000
281474976710655.000000	5.195487	5807	6184355328.000000
281474976710655.000000	5.199127	5808	6185455616.000000
281474976710655.000000	5.060153	5809	6186447872.000000
281474976710655.000000	5.040860	5810	6187540480.000000
281474976710655.000000	5.030107	5811	6188542976.000000
281474976710655.000000	5.616452	5812	6189628928.000000
281474976710655.000000	5.273627	5813	6190642176.000000
281474976710655.000000	5.441545	5814	6191714816.000000
281474976710655.000000	5.363341	5815	6192743424.000000
281474976710655.000000	5.397874	5816	6193796096.000000
281474976710655.000000	5.405761	5817	6194846720.000000
281474976710655.000000	5.765522	5818	6195877888.000000
281474976710655.000000	5.304784	5819	6196946944.000000
281474976710655.000000	5.737817	5820	6197966848.000000
281474976710655.000000	5.257639	5821	6199041536.000000
281474976710655.000000	5.364224	5822	6200056320.000000
281474976710655.000000	5.571111	5823	6201128448.000000
281474976710655.000000	5.353814	5824	6202152960.000000
281474976710655.000000	5.824249	5825	6203213312.000000
281474976710655.000000	5.488317	5826	6204255744.000000
281474976710655.000000	5.589617	5827	6205292544.000000
281474976710655.000000	5.683762	5828	6206362624.000000
281474976710655.000000	5.807947	5829	6207365120.000000
281474976710655.000000	5.925232	5830	6208467456.000000
281474976710655.000000	6.095116	5831	6209449984.000000
281474976710655.000000	5.771205	5832	6210568704.000000
281474976710655.000000	5.404390	5833	6211539968.000000
281474976710655.000000	5.311677	5834	6212658176.000000
281474976710655.000000	5.351641	5835	6213632000.000000
281474976710655.000000	5.763090	5836	6214736896.000000
281474976710655.000000	5.623596	5837	6215732736.000000
281474976710655.000000	6.295419	5838	6216823296.000000
281474976710655.000000	5.854773	5839	6217835008.000000
281474976710655.000000	5.946653	5840	6218906112.000000
281474976710655.000000	5.880011	5841	6219935232.000000
281474976710655.000000	5.982893	5842	6220989952.000000
281474976710655.000000	5.813127	5843	6222031872.000000
281474976710655.000000	6.226587	5844	6223077888.000000
281474976710655.000000	5.848914	5845	6224123904.000000
281474976710655.000000	6.047491	5846	6225170432.000000
281474976710655.000000	5.974251	5847	6226212352.000000
281474976710655.000000	6.113113	5848	6227262976.000000
281474976710655.000000	6.026853	5849	6228301824.000000
281474976710655.000000	6.089289	5850	6229360128.000000
281474976710655.000000	6.078949	5851	6230386176.000000
281474976710655.000000	6.173745	5852	6231458816.000000
281474976710655.000000	5.976268	5853	6232468480.000000
281474976710655.000000	5.988746	5854	6233560576.000000
281474976710655.000000	5.954295	5855	6234548736.000000
281474976710655.000000	5.992013	5856	6235657728.000000
281474976710655.000000	6.152905	5857	6236633600.000000
281474976710655.000000	6.331505	5858	6237751808.000000
281474976710655.000000	6.485809	5859	6238726144.000000
281474976710655.000000	6.544137	5860	6239840768.000000
281474976710655.000000	6.500785	5861	6240825344.000000
281474976710655.000000	6.439472	5862	6241923072.000000
281474976710655.000000	6.409111	5863	6242927104.000000
281474976710655.000000	6.372596	5864	6244001280.000000
281474976710655.000000	6.232855	5865	6245031424.000000
281474976710655.000000	6.278761	5866	6246081024.000000
281474976710655.000000	6.356459	5867	6247133696.000000
281474976710655.000000	6.105138	5868	6248162816.000000
281474976710655.000000	6.519243	5869	6249230848.000000
281474976710655.000000	6.288330	5870	6250248704.000000
281474976710655.000000	6.589819	5871	6251324928.000000
281474976710655.000000	6.487792	5872	6252338688.000000
281474976710655.000000	6.411019	5873	6253414912.000000
281474976710655.000000	6.616141	5874	6254433792.000000
281474976710655.000000	6.390453	5875	6255502336.000000
281474976710655.000000	6.605790	5876	6256529920.000000
281474976710655.000000	6.419484	5877	6257587200.000000
281474976710655.000000	6.503039	5878	6258624000.000000
281474976710655.000000	6.501999	5879	6259674624.000000
281474976710655.000000	6.514025	5880	6260718080.000000
281474976710655.000000	6.523628	5881	6261763072.000000
281474976710655.000000	6.627777	5882	6262811648.000000
281474976710655.000000	6.438594	5883	6263851008.000000
281474976710655.000000	6.776002	5884	6264903168.000000
281474976710655.000000	6.431239	5885	6265942528.000000
281474976710655.000000	6.782749	5886	6266994688.000000
281474976710655.000000	6.517841	5887	6268033024.000000
281474976710655.000000	6.713111	5888	6269083648.000000
281474976710655.000000	6.632668	5889	6270126080.000000
281474976710655.000000	6.637743	5890	6271170048.000000
281474976710655.000000	6.725262	5891	6272220672.000000
281474976710655.000000	6.782098	5892	6273258496.000000
281474976710655.000000	6.607220	5893	6274315264.000000
281474976710655.000000	6.932671	5894	6275345920.000000
281474976710655.000000	6.634302	5895	6276410368.000000
281474976710655.000000	6.745760	5896	6277432320.000000
281474976710655.000000	6.655523	5897	6278502912.000000
281474976710655.000000	6.694536	5898	6279520768.000000
281474976710655.000000	6.870005	5899	6280595456.000000
281474976710655.000000	6.735147	5900	6281613312.000000
281474976710655.000000	6.784369	5901	6282682368.000000
281474976710655.000000	6.685836	5902	6283708416.000000
281474976710655.000000	6.838921	5903	6284767232.000000
281474976710655.000000	6.585616	5904	6285806592.000000
281474976710655.000000	7.014081	5905	6286849024.000000
281474976710655.000000	6.680301	5906	6287906816.000000
281474976710655.000000	6.851999	5907	6288930304.000000
281474976710655.000000	6.704569	5908	6290007552.000000
281474976710655.000000	6.965865	5909	6291009536.000000
281474976710655.000000	6.989893	5910	6292106752.000000
281474976710655.000000	7.163661	5911	6293093888.000000
281474976710655.000000	6.940207	5912	6294202880.000000
281474976710655.000000	6.649225	5913	6295183360.000000
281474976710655.000000	6.736260	5914	6296293888.000000
281474976710655.000000	6.626068	5915	6297273344.000000
281474976710655.000000	7.118030	5916	6298378752.000000
281474976710655.000000	6.828393	5917	6299369472.000000
281474976710655.000000	7.430948	5918	6300465152.000000
281474976710655.000000	6.940146	5919	6301465088.000000
281474976710655.000000	7.164439	5920	6302552064.000000
281474976710655.000000	6.857541	5921	6303559680.000000
281474976710655.000000	7.055830	5922	6304639488.000000
281474976710655.000000	6.788226	5923	6305654272.000000
281474976710655.000000	7.321568	5924	6306727424.000000
281474976710655.000000	6.888760	5925	6307744256.000000
281474976710655.000000	7.254077	5926	6308818944.000000
281474976710655.000000	6.941486	5927	6309833216.000000
281474976710655.000000	7.293188	5928	6310911488.000000
281474976710655.000000	6.922651	5929	6311920128.000000
281474976710655.000000	7.277213	5930	6313007616.000000
281474976710655.000000	6.990120	5931	6314006528.000000
281474976710655.000000	7.159417	5932	6315102208.000000
281474976710655.000000	7.023672	5933	6316091904.000000
281474976710655.000000	7.240426	5934	6317196288.000000
281474976710655.000000	7.133162	5935	6318177280.000000
281474976710655.000000	7.231004	5936	6319289344.000000
281474976710655.000000	7.273694	5937	6320267776.000000
281474976710655.000000	7.409880	5938	6321378816.000000
281474976710655.000000	7.318389	5939	6322362368.000000
281474976710655.000000	7.396011	5940	6323464192.000000
281474976710655.000000	7.284239	5941	6324460032.000000
281474976710655.000000	7.230106	5942	6325547008.000000
281474976710655.000000	7.158126	5943	6326558720.000000
281474976710655.000000	7.206498	5944	6327628288.000000
281474976710655.000000	7.153403	5945	6328658944.000000
281474976710655.000000	7.254042	5946	6329710592.000000
281474976710655.000000	7.203303	5947	6330756608.000000
281474976710655.000000	7.227102	5948	6331793408.000000
281474976710655.000000	7.255310	5949	6332852224.000000
281474976710655.000000	7.192131	5950	6333880320.000000
281474976710655.000000	7.290778	5951	6334945792.000000
281474976710655.000000	7.156458	5952	6335967232.000000
281474976710655.000000	7.394605	5953	6337037824.000000
281474976710655.000000	7.309908	5954	6338057728.000000
281474976710655.000000	7.376194	5955	6339129344.000000
281474976710655.000000	7.337037	5956	6340148224.000000
281474976710655.000000	7.317542	5957	6341218304.000000
281474976710655.000000	7.444209	5958	6342237696.000000
281474976710655.000000	7.291776	5959	6343310336.000000
281474976710655.000000	7.417681	5960	6344329728.000000
281474976710655.000000	7.383037	5961	6345398272.000000
281474976710655.000000	7.428326	5962	6346420736.000000
281474976710655.000000	7.445508	5963	6347490816.000000
281474976710655.000000	7.463295	5964	6348511232.000000
281474976710655.000000	7.410490	5965	6349578752.000000
281474976710655.000000	7.523911	5966	6350599680.000000
281474976710655.000000	7.376226	5967	6351670272.000000
281474976710655.000000	7.476673	5968	6352690176.000000
281474976710655.000000	7.356340	5969	6353761280.000000
281474976710655.000000	7.446287	5970	6354780672.000000
281474976710655.000000	7.472275	5971	6355851776.000000
281474976710655.000000	7.332063	5972	6356869632.000000
281474976710655.000000	7.524455	5973	6357941248.000000
281474976710655.000000	7.598021	5974	6358961664.000000
281474976710655.000000	7.459878	5975	6360030720.000000
281474976710655.000000	7.423078	5976	6361052672.000000
281474976710655.000000	7.488488	5977	6362119680.000000
281474976710655.000000	7.325747	5978	6363145728.000000
281474976710655.000000	7.648180	5979	6364206080.000000
281474976710655.000000	7.385103	5980	6365240320.000000
281474976710655.000000	7.678902	5981	6366291456.000000
281474976710655.000000	7.466871	5982	6367336448.000000
281474976710655.000000	7.599656	5983	6368375808.000000
281474976710655.000000	7.538130	5984	6369433600.000000
281474976710655.000000	7.475419	5985	6370457600.000000
281474976710655.000000	7.553848	5986	6371532288.000000
281474976710655.000000	7.716719	5987	6372539904.000000
281474976710655.000000	7.593897	5988	6373630464.000000
281474976710655.000000	7.830937	5989	6374623232.000000
281474976710655.000000	7.626868	5990	6375726080.000000
281474976710655.000000	7.598917	5991	6376710656.000000
281474976710655.000000	7.665030	5992	6377818112.000000
281474976710655.000000	7.566145	5993	6378799616.000000
281474976710655.000000	7.593113	5994	6379908608.000000
281474976710655.000000	7.503929	5995	6380889600.000000
281474976710655.000000	7.883120	5996	6381996544.000000
281474976710655.000000	7.587877	5997	6382983168.000000
281474976710655.000000	7.812467	5998	6384084992.000000
281474976710655.000000	7.524262	5999	6385076224.000000
281474976710655.000000	7.772594	6000	6386171904.000000
281474976710655.000000	7.517478	6001	6387168256.000000
281474976710655.000000	7.813625	6002	6388260352.000000
281474976710655.000000	7.565523	6003	6389259776.000000
281474976710655.000000	7.837871	6004	6390349824.000000
281474976710655.000000	7.596980	6005	6391350272.000000
281474976710655.000000	7.910649	6006	6392441856.000000
281474976710655.000000	7.645535	6007	6393438208.000000
281474976710655.000000	7.894361	6008	6394533888.000000
281474976710655.000000	7.628437	6009	6395526144.000000
281474976710655.000000	7.911437	6010	6396626432.000000
281474976710655.000000	7.676942	6011	6397614592.000000
281474976710655.000000	7.858764	6012	6398719488.000000
281474976710655.000000	7.697763	6013	6399702528.000000
281474976710655.000000	7.906227	6014	6400810496.000000
281474976710655.000000	7.769807	6015	6401791488.000000
281474976710655.000000	7.849781	6016	6402899968.000000
281474976710655.000000	7.802326	6017	6403885056.000000
281474976710655.000000	7.990512	6018	6404986880.000000
281474976710655.000000	7.832540	6019	6405979136.000000
281474976710655.000000	7.990747	6020	6407071744.000000
281474976710655.000000	7.835917	6021	6408074240.000000
281474976710655.000000	7.918140	6022	6409155072.000000
281474976710655.000000	7.753923	6023	6410172416.000000
281474976710655.000000	7.779505	6024	6411238400.000000
281474976710655.000000	7.741259	6025	6412268544.000000
281474976710655.000000	7.743308	6026	6413322240.000000
281474976710655.000000	7.908240	6027	6414365184.000000
281474976710655.000000	7.846640	6028	6415408128.000000
281474976710655.000000	7.771710	6029	6416459776.000000
281474976710655.000000	7.767151	6030	6417494528.000000
281474976710655.000000	7.873757	6031	6418552832.000000
281474976710655.000000	7.713752	6032	6419582464.000000
281474976710655.000000	7.956943	6033	6420644352.000000
281474976710655.000000	7.823473	6034	6421670400.000000
281474976710655.000000	7.793767	6035	6422736384.000000
281474976710655.000000	7.854277	6036	6423759872.000000
281474976710655.000000	7.855785	6037	6424827392.000000
281474976710655.000000	7.811260	6038	6425849344.000000
281474976710655.000000	7.895006	6039	6426917888.000000
281474976710655.000000	7.784743	6040	6427939328.000000
281474976710655.000000	7.902143	6041	6429008384.000000
281474976710655.000000	7.827657	6042	6430028800.000000
281474976710655.000000	7.943717	6043	6431096832.000000
281474976710655.000000	7.799245	6044	6432119296.000000
281474976710655.000000	7.937349	6045	6433186816.000000
281474976710655.000000	7.744183	6046	6434211328.000000
281474976710655.000000	7.925272	6047	6435275776.000000
281474976710655.000000	7.808358	6048	6436302848.000000
281474976710655.000000	8.030584	6049	6437363712.000000
281474976710655.000000	7.849622	6050	6438395392.000000
281474976710655.000000	8.227153	6051	6439450624.000000
281474976710655.000000	7.932316	6052	6440487936.000000
281474976710655.000000	8.168747	6053	6441537024.000000
281474976710655.000000	7.997487	6054	6442582528.000000
281474976710655.000000	8.175641	6055	6443622912.000000
281474976710655.000000	7.879029	6056	6444677632.000000
281474976710655.000000	7.953978	6057	6445708288.000000
281474976710655.000000	7.985765	6058	6446773248.000000
281474976710655.000000	8.134383	6059	6447791616.000000
281474976710655.000000	7.893144	6060	6448869376.000000
281474976710655.000000	8.061941	6061	6449874944.000000
281474976710655.000000	8.095896	6062	6450965504.000000
281474976710655.000000	8.413030	6063	6451960320.000000
281474976710655.000000	8.021306	6064	6453059584.000000
281474976710655.000000	8.059820	6065	6454048768.000000
281474976710655.000000	8.074550	6066	6455153664.000000
281474976710655.000000	7.978388	6067	6456135680.000000
281474976710655.000000	7.947454	6068	6457242112.000000
281474976710655.000000	7.848823	6069	6458226176.000000
281474976710655.000000	8.197577	6070	6459331072.000000
281474976710655.000000	8.086202	6071	6460318208.000000
281474976710655.000000	8.351553	6072	6461420544.000000
281474976710655.000000	7.908275	6073	6462408704.000000
281474976710655.000000	8.196676	6074	6463508480.000000
281474976710655.000000	8.031438	6075	6464500736.000000
281474976710655.000000	8.096308	6076	6465597952.000000
281474976710655.000000	7.991435	6077	6466591232.000000
281474976710655.000000	8.217414	6078	6467688448.000000
281474976710655.000000	7.999910	6079	6468680704.000000
281474976710655.000000	8.257119	6080	6469778432.000000
281474976710655.000000	8.047951	6081	6470770176.000000
281474976710655.000000	8.324899	6082	6471870464.000000
281474976710655.000000	7.961646	6083	6472859136.000000
281474976710655.000000	8.133072	6084	6473961984.000000
281474976710655.000000	7.908304	6085	6474945536.000000
281474976710655.000000	8.140878	6086	6476053504.000000
281474976710655.000000	8.127349	6087	6477036032.000000
281474976710655.000000	8.298867	6088	6478142976.000000
281474976710655.000000	8.216191	6089	6479127552.000000
281474976710655.000000	8.188405	6090	6480231936.000000
281474976710655.000000	8.249549	6091	6481219072.000000
281474976710655.000000	8.322618	6092	6482318848.000000
281474976710655.000000	8.232660	6093	6483313664.000000
281474976710655.000000	8.309324	6094	6484404736.000000
281474976710655.000000	7.940787	6095	6485409280.000000
281474976710655.000000	8.109185	6096	6486489088.000000
281474976710655.000000	7.816010	6097	6487502848.000000
281474976710655.000000	8.108545	6098	6488574464.000000
281474976710655.000000	8.060950	6099	6489599488.000000
281474976710655.000000	8.214994	6100	6490658304.000000
281474976710655.000000	8.221357	6101	6491694080.000000
281474976710655.000000	8.084963	6102	6492744192.000000
281474976710655.000000	8.305552	6103	6493787136.000000
281474976710655.000000	8.035810	6104	6494831104.000000
281474976710655.000000	8.187452	6105	6495879168.000000
281474976710655.000000	8.157667	6106	6496919040.000000
281474976710655.000000	8.099517	6107	6497972224.000000
281474976710655.000000	8.066116	6108	6499008000.000000
281474976710655.000000	8.172202	6109	6500063744.000000
281474976710655.000000	8.120965	6110	6501096448.000000
281474976710655.000000	8.126863	6111	6502154240.000000
281474976710655.000000	8.042703	6112	6503186432.000000
281474976710655.000000	8.244073	6113	6504243712.000000
281474976710655.000000	8.037836	6114	6505276416.000000
281474976710655.000000	8.331900	6115	6506333184.000000
281474976710655.000000	8.034804	6116	6507366400.000000
281474976710655.000000	8.231749	6117	6508422656.000000
281474976710655.000000	8.056003	6118	6509458432.000000
281474976710655.000000	8.337433	6119	6510511104.000000
281474976710655.000000	8.142437	6120	6511550464.000000
281474976710655.000000	8.259908	6121	6512599040.000000
281474976710655.000000	8.089257	6122	6513642496.000000
281474976710655.000000	8.293177	6123	6514685440.000000
281474976710655.000000	8.078972	6124	6515736576.000000
281474976710655.000000	8.242002	6125	6516771328.000000
281474976710655.000000	8.290164	6126	6517830144.000000
281474976710655.000000	8.221954	6127	6518857216.000000
281474976710655.000000	8.022159	6128	6519927296.000000
281474976710655.000000	8.352696	6129	6520942080.000000
281474976710655.000000	8.212732	6130	6522020864.000000
281474976710655.000000	8.317068	6131	6523026944.000000
281474976710655.000000	8.175725	6132	6524114944.000000
281474976710655.000000	8.497137	6133	6525112320.000000
281474976710655.000000	8.325577	6134	6526208512.000000
281474976710655.000000	8.351790	6135	6527199232.000000
281474976710655.000000	8.310578	6136	6528300544.000000
281474976710655.000000	8.357213	6137	6529288192.000000
281474976710655.000000	8.336749	6138	6530392576.000000
281474976710655.000000	8.302530	6139	6531377152.000000
281474976710655.000000	8.389273	6140	6532483584.000000
281474976710655.000000	8.296453	6141	6533466624.000000
281474976710655.000000	8.103394	6142	6534573056.000000
281474976710655.000000	8.048259	6143	6535557120.000000
281474976710655.000000	8.469786	6144	6536661504.000000
281474976710655.000000	8.306279	6145	6537648128.000000
281474976710655.000000	8.390761	6146	6538750976.000000
281474976710655.000000	8.151373	6147	6539739136.000000
281474976710655.000000	8.512099	6148	6540840448.000000
281474976710655.000000	8.049600	6149	6541828608.000000
281474976710655.000000	8.439068	6150	6542930432.000000
281474976710655.000000	8.175797	6151	6543918080.000000
281474976710655.000000	8.409667	6152	6545021440.000000
281474976710655.000000	8.294688	6153	6546006528.000000
281474976710655.000000	8.447666	6154	6547112448.000000
281474976710655.000000	8.227488	6155	6548096512.000000
281474976710655.000000	8.452191	6156	6549202944.000000
281474976710655.000000	8.429681	6157	6550185984.000000
281474976710655.000000	8.314559	6158	6551291392.000000
281474976710655.000000	8.307135	6159	6552276480.000000
281474976710655.000000	8.363831	6160	6553380864.000000
281474976710655.000000	8.241946	6161	6554368512.000000
281474976710655.000000	8.462388	6162	6555467264.000000
281474976710655.000000	8.498064	6163	6556461056.000000
281474976710655.000000	8.342364	6164	6557554688.000000
281474976710655.000000	8.339465	6165	6558556160.000000
281474976710655.000000	8.470387	6166	6559640576.000000
281474976710655.000000	8.316212	6167	6560650240.000000
281474976710655.000000	8.274041	6168	6561726464.000000
281474976710655.000000	8.411483	6169	6562744832.000000
281474976710655.000000	8.265409	6170	6563811328.000000
281474976710655.000000	8.354491	6171	6564838400.000000
281474976710655.000000	8.324316	6172	6565896704.000000
281474976710655.000000	8.302100	6173	6566932480.000000
281474976710655.000000	8.326804	6174	6567985152.000000
281474976710655.000000	8.254728	6175	6569024000.000000
281474976710655.000000	8.055634	6176	6570072576.000000
281474976710655.000000	8.602899	6177	6571116032.000000
281474976710655.000000	8.509020	6178	6572162048.000000
281474976710655.000000	8.444286	6179	6573206016.000000
281474976710655.000000	8.174457	6180	6574249984.000000
281474976710655.000000	8.359052	6181	6575297536.000000
281474976710655.000000	8.090969	6182	6576339968.000000
281474976710655.000000	8.610190	6183	6577386496.000000
281474976710655.000000	8.105272	6184	6578430464.000000
281474976710655.000000	8.504798	6185	6579359232.000000
281474976710655.000000	8.187445	6186	6580406272.000000
281474976710655.000000	8.641989	6187	6581450240.000000
281474976710655.000000	8.507754	6188	6582499328.000000
281474976710655.000000	8.718716	6189	6583538688.000000
281474976710655.000000	8.509596	6190	6584592896.000000
281474976710655.000000	8.591245	6191	6585627136.000000
281474976710655.000000	8.597271	6192	6586686976.000000
281474976710655.000000	9.001359	6193	6587715072.000000
281474976710655.000000	8.860303	6194	6588780544.000000
281474976710655.000000	9.187906	6195	6589801984.000000
281474976710655.000000	8.734215	6196	6590876672.000000
281474976710655.000000	9.136049	6197	6591889920.000000
281474976710655.000000	8.789946	6198	6592971776.000000
281474976710655.000000	9.071296	6199	6593976320.000000
281474976710655.000000	9.014421	6200	6595066368.000000
281474976710655.000000	9.630819	6201	6596064768.000000
281474976710655.000000	9.183046	6202	6597158912.000000
281474976710655.000000	9.563993	6203	6598152192.000000
281474976710655.000000	9.193941	6204	6599251968.000000
281474976710655.000000	9.349213	6205	6600242688.000000
281474976710655.000000	9.640463	6206	6601344000.000000
281474976710655.000000	9.763958	6207	6602331648.000000
281474976710655.000000	9.600965	6208	6603435008.000000
281474976710655.000000	9.677450	6209	6604422656.000000
281474976710655.000000	9.847110	6210	6605527040.000000
281474976710655.000000	9.910358	6211	6606513664.000000
281474976710655.000000	9.821367	6212	6607617024.000000
281474976710655.000000	10.036258	6213	6608604160.000000
281474976710655.000000	9.843390	6214	6609707008.000000
281474976710655.000000	10.004501	6215	6610695168.000000
281474976710655.000000	10.075987	6216	6611796992.000000
281474976710655.000000	9.984344	6217	6612786688.000000
281474976710655.000000	10.128907	6218	6613888000.000000
281474976710655.000000	10.015141	6219	6614877696.000000
281474976710655.000000	10.285515	6220	6615978496.000000
281474976710655.000000	10.277810	6221	6616968192.000000
281474976710655.000000	10.341657	6222	6618068992.000000
281474976710655.000000	10.503479	6223	6619058688.000000
281474976710655.000000	10.297852	6224	6620158976.000000
281474976710655.000000	10.299967	6225	6621149696.000000
281474976710655.000000	10.449775	6226	6622250496.000000
281474976710655.000000	10.604702	6227	6623241216.000000
281474976710655.000000	10.687096	6228	6624338944.000000
281474976710655.000000	10.761751	6229	6625333248.000000
281474976710655.000000	10.606568	6230	6626427904.000000
281474976710655.000000	10.702461	6231	6627425792.000000
281474976710655.000000	10.600356	6232	6628515840.000000
281474976710655.000000	10.744412	6233	6629518848.000000
281474976710655.000000	10.322927	6234	6630603776.000000
281474976710655.000000	10.708518	6235	6631611904.000000
281474976710655.000000	10.418679	6236	6632691200.000000
281474976710655.000000	10.692982	6237	6633705984.000000
281474976710655.000000	11.043111	6238	6634778624.000000
281474976710655.000000	11.035407	6239	6635799040.000000
281474976710655.000000	10.618322	6240	6636865536.000000
281474976710655.000000	10.911416	6241	6637891584.000000
281474976710655.000000	10.529244	6242	6638953472.000000
281474976710655.000000	10.471521	6243	6639984128.000000
281474976710655.000000	10.609128	6244	6641042432.000000
281474976710655.000000	11.031837	6245	6642076672.000000
281474976710655.000000	10.767769	6246	6643131904.000000
281474976710655.000000	11.232986	6247	6644167168.000000
281474976710655.000000	11.223742	6248	6645221376.000000
281474976710655.000000	11.361836	6249	6646258176.000000
281474976710655.000000	10.874197	6250	6647311872.000000
281474976710655.000000	11.284150	6251	6648348672.000000
281474976710655.000000	11.142415	6252	6649402368.000000
281474976710655.000000	11.568052	6253	6650437632.000000
281474976710655.000000	11.241246	6254	6651493888.000000
281474976710655.000000	11.417231	6255	6652526592.000000
281474976710655.000000	11.291553	6256	6653585408.000000
281474976710655.000000	11.191991	6257	6654615040.000000
281474976710655.000000	11.281220	6258	6655677440.000000
281474976710655.000000	11.763207	6259	6656703488.000000
281474976710655.000000	11.224125	6260	6657769984.000000
281474976710655.000000	11.605783	6261	6658791424.000000
281474976710655.000000	11.170753	6262	6659862528.000000
281474976710655.000000	11.619248	6263	6660879360.000000
281474976710655.000000	11.368835	6264	6661955072.000000
281474976710655.000000	12.021302	6265	6662966784.000000
281474976710655.000000	11.461631	6266	6664048128.000000
281474976710655.000000	12.012318	6267	6665054720.000000
281474976710655.000000	11.682459	6268	6666140672.000000
281474976710655.000000	11.690498	6269	6667143168.000000
281474976710655.000000	11.463881	6270	6668232704.000000
281474976710655.000000	12.041296	6271	6669231616.000000
281474976710655.000000	11.787288	6272	6670324224.000000
281474976710655.000000	11.828059	6273	6671320576.000000
281474976710655.000000	8.106266	6274	6672422912.000000
281474976710655.000000	10.666006	6275	6674372608.000000
281474976710655.000000	9.805597	6276	6675340800.000000
281474976710655.000000	4.149207	6277	6676397056.000000
281474976710655.000000	3.384708	6278	6677283840.000000
281474976710655.000000	4.753572	6279	6678424064.000000
281474976710655.000000	2.031961	6280	6679426560.000000
281474976710655.000000	3.496131	6281	6680497152.000000
281474976710655.000000	2.117936	6282	6681512960.000000
281474976710655.000000	4.047016	6283	6682586624.000000
281474976710655.000000	2.300090	6284	6683625472.000000
281474976710655.000000	3.603349	6285	6684677632.000000
281474976710655.000000	2.698299	6286	6685717504.000000
281474976710655.000000	3.549673	6287	6686737920.000000
281474976710655.000000	3.276863	6288	6687828992.000000
281474976710655.000000	4.650723	6289	6688846848.000000
281474976710655.000000	3.236036	6290	6689899520.000000
281474976710655.000000	4.281369	6291	6690939392.000000
281474976710655.000000	3.094257	6292	6692002304.000000
281474976710655.000000	5.066978	6293	6693041152.000000
281474976710655.000000	3.424090	6294	6694069760.000000
281474976710655.000000	4.341201	6295	6695138304.000000
281474976710655.000000	3.203174	6296	6696155648.000000
281474976710655.000000	6.033154	6297	6697239040.000000
281474976710655.000000	4.061440	6298	6698232832.000000
281474976710655.000000	4.757792	6299	6699350528.000000
281474976710655.000000	3.683468	6300	6700320768.000000
281474976710655.000000	4.096986	6301	6701447168.000000
281474976710655.000000	4.073086	6302	6702388224.000000
281474976710655.000000	4.238484	6303	6703523328.000000
281474976710655.000000	5.004170	6304	6704498176.000000
281474976710655.000000	4.074578	6305	6705607168.000000
281474976710655.000000	5.030753	6306	6706598912.000000
281474976710655.000000	5.938268	6307	6707691008.000000
281474976710655.000000	7.397895	6308	6708717056.000000
281474976710655.000000	4.380079	6309	6709768704.000000
281474976710655.000000	6.426564	6310	6710810112.000000
281474976710655.000000	6.671731	6311	6711904768.000000
281474976710655.000000	7.384522	6312	6712877568.000000
281474976710655.000000	7.222596	6313	6713970176.000000
281474976710655.000000	7.215044	6314	6715023872.000000
281474976710655.000000	6.310548	6315	6716034560.000000
281474976710655.000000	6.949388	6316	6717100544.000000
281474976710655.000000	6.282213	6317	6718166528.000000
281474976710655.000000	6.565115	6318	6719151104.000000
281474976710655.000000	8.071561	6319	6720270336.000000
281474976710655.000000	9.299093	6320	6721264128.000000
281474976710655.000000	6.563932	6321	6722330112.000000
281474976710655.000000	8.423238	6322	6723390464.000000
281474976710655.000000	7.642999	6323	6724402688.000000
281474976710655.000000	6.902488	6324	6725480448.000000
281474976710655.000000	7.070504	6325	6726507520.000000
281474976710655.000000	8.241918	6326	6727560192.000000
281474976710655.000000	6.679451	6327	6728600064.000000
281474976710655.000000	7.197908	6328	6729647616.000000
281474976710655.000000	8.981788	6329	6730703872.000000
281474976710655.000000	7.497262	6330	6731733504.000000
281474976710655.000000	7.161349	6331	6732793344.000000
281474976710655.000000	7.350195	6332	6733830656.000000
281474976710655.000000	8.552072	6333	6734880768.000000
281474976710655.000000	8.559255	6334	6735929344.000000
281474976710655.000000	7.601550	6335	6736954880.000000
281474976710655.000000	8.223763	6336	6738031616.000000
281474976710655.000000	8.409616	6337	6739049472.000000
281474976710655.000000	7.339415	6338	6740114432.000000
281474976710655.000000	8.014693	6339	6741158912.000000
281474976710655.000000	9.681808	6340	6742181376.000000
281474976710655.000000	8.086227	6341	6743274496.000000
281474976710655.000000	8.394897	6342	6744258560.000000
281474976710655.000000	8.377892	6343	6745353728.000000
281474976710655.000000	8.022039	6344	6746375680.000000
281474976710655.000000	7.778376	6345	6747420672.000000
281474976710655.000000	9.125345	6346	6748485120.000000
281474976710655.000000	8.307281	6347	6749513728.000000
281474976710655.000000	8.120203	6348	6750551040.000000
281474976710655.000000	9.261216	6349	6751638016.000000
281474976710655.000000	9.636565	6350	6752624640.000000
281474976710655.000000	8.686164	6351	6753716736.000000
281474976710655.000000	8.652668	6352	6754749440.000000
281474976710655.000000	9.284378	6353	6755777024.000000
281474976710655.000000	8.601348	6354	6756847104.000000
281474976710655.000000	8.527554	6355	6757885440.000000
281474976710655.000000	9.623868	6356	6758910976.000000
281474976710655.000000	8.942242	6357	6760002048.000000
281474976710655.000000	9.430207	6358	6760988672.000000
281474976710655.000000	9.287388	6359	6762085376.000000
281474976710655.000000	8.758344	6360	6763098112.000000
281474976710655.000000	9.360682	6361	6764156416.000000
281474976710655.000000	9.419690	6362	6765207552.000000
281474976710655.000000	9.078078	6363	6766233088.000000
281474976710655.000000	9.641903	6364	6767304704.000000
281474976710655.000000	9.868968	6365	6768325120.000000
281474976710655.000000	9.081730	6366	6769390592.000000
281474976710655.000000	9.343058	6367	6770422784.000000
281474976710655.000000	10.016217	6368	6771475968.000000
281474976710655.000000	9.518227	6369	6772514816.000000
281474976710655.000000	10.347342	6370	6773564416.000000
281474976710655.000000	9.468212	6371	6774605312.000000
281474976710655.000000	10.098905	6372	6775659008.000000
281474976710655.000000	9.939735	6373	6776693248.000000
281474976710655.000000	9.986899	6374	6777753088.000000
281474976710655.000000	9.792633	6375	6778779136.000000
281474976710655.000000	9.937572	6376	6779847168.000000
281474976710655.000000	10.073339	6377	6780868096.000000
281474976710655.000000	9.685371	6378	6781933568.000000
281474976710655.000000	10.026484	6379	6782969856.000000
281474976710655.000000	10.240932	6380	6784009216.000000
281474976710655.000000	10.119069	6381	6785078272.000000
281474976710655.000000	10.277775	6382	6786080768.000000
281474976710655.000000	10.511937	6383	6787180544.000000
281474976710655.000000	10.986970	6384	6788171264.000000
281474976710655.000000	10.307775	6385	6789256192.000000
281474976710655.000000	10.735490	6386	6790289408.000000
281474976710655.000000	10.743814	6387	6791322624.000000
281474976710655.000000	10.152296	6388	6792392192.000000
281474976710655.000000	10.510581	6389	6793417216.000000
281474976710655.000000	10.347875	6390	6794462720.000000
281474976710655.000000	10.397679	6391	6795534336.000000
281474976710655.000000	10.779893	6392	6796531200.000000
281474976710655.000000	10.617564	6393	6797630976.000000
281474976710655.000000	10.587951	6394	6798631424.000000
281474976710655.000000	10.501083	6395	6799699968.000000
281474976710655.000000	11.097500	6396	6800747520.000000
281474976710655.000000	10.878111	6397	6801773056.000000
281474976710655.000000	10.828218	6398	6802843136.000000
281474976710655.000000	10.948080	6399	6803868672.000000
281474976710655.000000	10.886394	6400	6804919296.000000
281474976710655.000000	10.850799	6401	6805977088.000000
281474976710655.000000	10.805572	6402	6806993920.000000
281474976710655.000000	10.582006	6403	6808079360.000000
281474976710655.000000	11.016698	6404	6809076224.000000
281474976710655.000000	11.560622	6405	6810172416.000000
281474976710655.000000	11.702533	6406	6811164672.000000
281474976710655.000000	11.380413	6407	6812262912.000000
281474976710655.000000	12.042394	6408	6813258240.000000
281474976710655.000000	11.604079	6409	6814350848.000000
281474976710655.000000	11.948241	6410	6815350784.000000
281474976710655.000000	10.955014	6411	6816441856.000000
281474976710655.000000	11.594085	6412	6817441792.000000
281474976710655.000000	10.859255	6413	6818532352.000000
281474976710655.000000	11.399854	6414	6819528192.000000
281474976710655.000000	11.242830	6415	6820623872.000000
281474976710655.000000	11.963784	6416	6821617152.000000
281474976710655.000000	11.642290	6417	6822713856.000000
281474976710655.000000	11.807673	6418	6823713280.000000
281474976710655.000000	11.374184	6419	6824794624.000000
281474976710655.000000	11.147720	6420	6825816064.000000
281474976710655.000000	12.193919	6421	6826870784.000000
281474976710655.000000	11.188005	6422	6827920384.000000
281474976710655.000000	11.815989	6423	6828949504.000000
281474976710655.000000	11.973710	6424	6830015488.000000
281474976710655.000000	11.433815	6425	6831042048.000000
281474976710655.000000	12.330841	6426	6832094208.000000
281474976710655.000000	11.521889	6427	6833150976.000000
281474976710655.000000	12.169626	6428	6834164736.000000
281474976710655.000000	11.971136	6429	6835256832.000000
281474976710655.000000	12.346680	6430	6836250112.000000
281474976710655.000000	11.938816	6431	6837338624.000000
281474976710655.000000	11.279473	6432	6838357504.000000
281474976710655.000000	12.627988	6433	6839409664.000000
281474976710655.000000	11.624586	6434	6840463360.000000
281474976710655.000000	11.735012	6435	6841489408.000000
281474976710655.000000	12.578182	6436	6842555392.000000
281474976710655.000000	11.892298	6437	6843587072.000000
281474976710655.000000	12.186337	6438	6844632576.000000
281474976710655.000000	11.957959	6439	6845693440.000000
281474976710655.000000	12.495377	6440	6846707712.000000
281474976710655.000000	11.975673	6441	6847794688.000000
281474976710655.000000	12.797836	6442	6848792064.000000
281474976710655.000000	11.998826	6443	6849886208.000000
281474976710655.000000	11.890920	6444	6850883072.000000
281474976710655.000000	12.684996	6445	6851972608.000000
281474976710655.000000	11.923631	6446	6852976128.000000
281474976710655.000000	12.770674	6447	6854059520.000000
281474976710655.000000	12.804446	6448	6855069696.000000
281474976710655.000000	12.201102	6449	6856148480.000000
281474976710655.000000	12.424933	6450	6857160192.000000
281474976710655.000000	12.126101	6451	6858240000.000000
281474976710655.000000	12.055789	6452	6859247616.000000
281474976710655.000000	11.818763	6453	6860333056.000000
281474976710655.000000	12.056209	6454	6861333504.000000
281474976710655.000000	12.778198	6455	6862425600.000000
281474976710655.000000	12.728723	6456	6863421952.000000
281474976710655.000000	12.349298	6457	6864516096.000000
281474976710655.000000	12.748351	6458	6865516544.000000
281474976710655.000000	13.199726	6459	6866596864.000000
281474976710655.000000	12.351474	6460	6867619840.000000
281474976710655.000000	12.893801	6461	6868673024.000000
281474976710655.000000	12.492865	6462	6869723136.000000
281474976710655.000000	12.312325	6463	6870752256.000000
281474976710655.000000	12.419060	6464	6871817728.000000
281474976710655.000000	12.127404	6465	6872844288.000000
281474976710655.000000	12.886533	6466	6873899008.000000
281474976710655.000000	12.205023	6467	6874948096.000000
281474976710655.000000	13.001196	6468	6875972608.000000
281474976710655.000000	12.835315	6469	6877053952.000000
281474976710655.000000	13.015913	6470	6878052352.000000
281474976710655.000000	13.150412	6471	6879146496.000000
281474976710655.000000	13.168900	6472	6880146944.000000
281474976710655.000000	12.812938	6473	6881226752.000000
281474976710655.000000	12.978218	6474	6882252288.000000
281474976710655.000000	12.845830	6475	6883300352.000000
281474976710655.000000	13.418220	6476	6884353024.000000
281474976710655.000000	13.154136	6477	6885383168.000000
281474976710655.000000	13.550572	6478	6886448128.000000
281474976710655.000000	12.708536	6479	6887471616.000000
281474976710655.000000	13.076533	6480	6888536064.000000
281474976710655.000000	12.959943	6481	6889565696.000000
281474976710655.000000	13.282593	6482	6890622464.000000
281474976710655.000000	13.292334	6483	6891658752.000000
281474976710655.000000	12.878318	6484	6892709376.000000
281474976710655.000000	13.383757	6485	6893752832.000000
281474976710655.000000	12.639275	6486	6894796288.000000
281474976710655.000000	13.295950	6487	6895844352.000000
281474976710655.000000	13.325255	6488	6896887296.000000
281474976710655.000000	13.448668	6489	6897931776.000000
281474976710655.000000	13.401133	6490	6898978816.000000
281474976710655.000000	12.731599	6491	6900018688.000000
281474976710655.000000	13.385208	6492	6901072896.000000
281474976710655.000000	13.772902	6493	6902105600.000000
281474976710655.000000	13.129987	6494	6903165952.000000
281474976710655.000000	13.049368	6495	6904192512.000000
281474976710655.000000	13.298222	6496	6905257472.000000
281474976710655.000000	13.118034	6497	6906283520.000000
281474976710655.000000	13.854611	6498	6907343360.000000
281474976710655.000000	13.236401	6499	6908380672.000000
281474976710655.000000	13.292542	6500	6909422080.000000
281474976710655.000000	13.274113	6501	6910483968.000000
281474976710655.000000	14.242789	6502	6911498752.000000
281474976710655.000000	12.967869	6503	6912585216.000000
281474976710655.000000	13.891202	6504	6913583616.000000
281474976710655.000000	12.775529	6505	6914675200.000000
281474976710655.000000	13.027613	6506	6915677696.000000
281474976710655.000000	14.090294	6507	6916753920.000000
281474976710655.000000	13.181622	6508	6917780480.000000
281474976710655.000000	13.432269	6509	6918832640.000000
281474976710655.000000	13.716943	6510	6919882240.000000
281474976710655.000000	13.735506	6511	6920911360.000000
281474976710655.000000	13.700629	6512	6921978368.000000
281474976710655.000000	13.641578	6513	6923001856.000000
281474976710655.000000	13.170693	6514	6924063744.000000
281474976710655.000000	13.574577	6515	6925097984.000000
281474976710655.000000	14.718913	6516	6926145536.000000
281474976710655.000000	13.111205	6517	6927196160.000000
281474976710655.000000	14.550877	6518	6928228864.000000
281474976710655.000000	13.321981	6519	6929293312.000000
281474976710655.000000	13.737419	6520	6930310656.000000
281474976710655.000000	13.309882	6521	6931388928.000000
281474976710655.000000	14.252203	6522	6932396544.000000
281474976710655.000000	13.761422	6523	6933481472.000000
281474976710655.000000	14.288384	6524	6934486016.000000
281474976710655.000000	12.921313	6525	6935571968.000000
281474976710655.000000	13.703311	6526	6936575488.000000
281474976710655.000000	13.503267	6527	6937660928.000000
281474976710655.000000	13.541974	6528	6938665984.000000
281474976710655.000000	13.832026	6529	6939748864.000000
281474976710655.000000	14.200491	6530	6940758016.000000
281474976710655.000000	13.847447	6531	6941836288.000000
281474976710655.000000	14.669533	6532	6942853632.000000
281474976710655.000000	13.300184	6533	6943919616.000000
281474976710655.000000	14.490774	6534	6944950784.000000
281474976710655.000000	13.269295	6535	6946000896.000000
281474976710655.000000	14.352950	6536	6947048448.000000
281474976710655.000000	14.036192	6537	6948083200.000000
281474976710655.000000	13.967421	6538	6949144576.000000
281474976710655.000000	14.067527	6539	6950169600.000000
281474976710655.000000	13.965540	6540	6951235072.000000
281474976710655.000000	13.775537	6541	6952261632.000000
281474976710655.000000	14.386458	6542	6953318400.000000
281474976710655.000000	14.574450	6543	6954360832.000000
281474976710655.000000	13.966549	6544	6955398144.000000
281474976710655.000000	14.321475	6545	6956462080.000000
281474976710655.000000	14.341043	6546	6957476864.000000
281474976710655.000000	13.847887	6547	6958561280.000000
281474976710655.000000	14.344208	6548	6959560704.000000
281474976710655.000000	14.434355	6549	6960652288.000000
281474976710655.000000	14.354890	6550	6961653248.000000
281474976710655.000000	14.840002	6551	6962736128.000000
281474976710655.000000	14.540713	6552	6963751424.000000
281474976710655.000000	14.074778	6553	6964817920.000000
281474976710655.000000	14.762406	6554	6965851136.000000
281474976710655.000000	13.925569	6555	6966898176.000000
281474976710655.000000	14.739686	6556	6967947776.000000
281474976710655.000000	14.353479	6557	6968982016.000000
281474976710655.000000	14.617183	6558	6970041856.000000
281474976710655.000000	13.866226	6559	6971069440.000000
281474976710655.000000	14.522176	6560	6972133376.000000
281474976710655.000000	14.263023	6561	6973158912.000000
281474976710655.000000	13.926613	6562	6974223360.000000
281474976710655.000000	13.904806	6563	6975249408.000000
281474976710655.000000	14.165989	6564	6976312320.000000
281474976710655.000000	14.124492	6565	6977339392.000000
281474976710655.000000	14.724148	6566	6978401280.000000
281474976710655.000000	13.933963	6567	6979429376.000000
281474976710655.000000	15.388952	6568	6980490240.000000
281474976710655.000000	14.733739	6569	6981522432.000000
281474976710655.000000	14.757545	6570	6982576640.000000
281474976710655.000000	14.210115	6571	6983618560.000000
281474976710655.000000	15.397701	6572	6984658432.000000
281474976710655.000000	14.143161	6573	6985716224.000000
281474976710655.000000	15.315941	6574	6986740224.000000
281474976710655.000000	13.630890	6575	6987816448.000000
281474976710655.000000	14.608438	6576	6988824064.000000
281474976710655.000000	14.181658	6577	6989911552.000000
